# This file was produced by bcftools stats (1.2+htslib-1.2.1) and can be plotted using plot-vcfstats.
# The command line was:	bcftools stats  thesis_intersect.vcf.gz
#
# Definition of sets:
# ID	[2]id	[3]tab-separated file names
ID	0	thesis_intersect.vcf.gz
# SN, Summary numbers:
# SN	[2]id	[3]key	[4]value
SN	0	number of samples:	549
SN	0	number of records:	32825825
SN	0	number of SNPs:	30642103
SN	0	number of MNPs:	0
SN	0	number of indels:	2183722
SN	0	number of others:	119393
SN	0	number of multiallelic sites:	1573581
SN	0	number of multiallelic SNP sites:	1010674
# TSTV, transitions/transversions:
# TSTV	[2]id	[3]ts	[4]tv	[5]ts/tv	[6]ts (1st ALT)	[7]tv (1st ALT)	[8]ts/tv (1st ALT)
TSTV	0	20349433	10894070	1.87	20147761	10494342	1.92
# SiS, Singleton stats:
# SiS	[2]id	[3]allele count	[4]number of SNPs	[5]number of transitions	[6]number of transversions	[7]number of indels	[8]repeat-consistent	[9]repeat-inconsistent	[10]not applicable
SiS	0	1	2447610	1605877	841733	33465	0	0	33465
# AF, Stats by non-reference allele frequency:
# AF	[2]id	[3]allele frequency	[4]number of SNPs	[5]number of transitions	[6]number of transversions	[7]number of indels	[8]repeat-consistent	[9]repeat-inconsistent	[10]not applicable
AF	0	0.000000	2768970	1707902	1061068	731585	0	0	731585
AF	0	0.182149	2778853	1829312	949541	124823	0	0	124823
AF	0	0.364299	1759499	1151058	608441	125880	0	0	125880
AF	0	0.546448	1281828	834240	447588	104796	0	0	104796
AF	0	0.728597	1038293	673581	364712	89007	0	0	89007
AF	0	0.910747	854044	552942	301102	75674	0	0	75674
AF	0	1.092896	727225	469401	257824	66421	0	0	66421
AF	0	1.275046	637645	412449	225196	58472	0	0	58472
AF	0	1.457195	570156	368812	201344	52994	0	0	52994
AF	0	1.639344	517482	334627	182855	48064	0	0	48064
AF	0	1.821494	466063	301315	164748	43974	0	0	43974
AF	0	2.003643	434524	280312	154212	40951	0	0	40951
AF	0	2.185792	404350	261664	142686	38810	0	0	38810
AF	0	2.367942	369856	239192	130664	36257	0	0	36257
AF	0	2.550091	346680	224660	122020	33679	0	0	33679
AF	0	2.732240	324945	210876	114069	32469	0	0	32469
AF	0	2.914390	310952	201675	109277	30616	0	0	30616
AF	0	3.096539	296117	192841	103276	29237	0	0	29237
AF	0	3.278689	281213	183073	98140	27593	0	0	27593
AF	0	3.460838	266334	173324	93010	26548	0	0	26548
AF	0	3.642987	261631	170940	90691	25988	0	0	25988
AF	0	3.825137	242835	158058	84777	23785	0	0	23785
AF	0	4.007286	234025	152759	81266	23147	0	0	23147
AF	0	4.189435	232411	151492	80919	23032	0	0	23032
AF	0	4.371585	213839	139488	74351	21127	0	0	21127
AF	0	4.553734	213703	139565	74138	21383	0	0	21383
AF	0	4.735883	202917	132882	70035	19999	0	0	19999
AF	0	4.918033	187818	122950	64868	18881	0	0	18881
AF	0	5.100182	184802	120707	64095	18477	0	0	18477
AF	0	5.282332	179644	117585	62059	18362	0	0	18362
AF	0	5.464481	165955	108706	57249	17120	0	0	17120
AF	0	5.646630	167673	110148	57525	17358	0	0	17358
AF	0	5.828780	160973	105523	55450	16462	0	0	16462
AF	0	6.010929	164069	107597	56472	16116	0	0	16116
AF	0	6.193078	151387	99283	52104	15110	0	0	15110
AF	0	6.375228	154805	101591	53214	15137	0	0	15137
AF	0	6.557377	147591	96550	51041	14627	0	0	14627
AF	0	6.739526	146128	95851	50277	14580	0	0	14580
AF	0	6.921676	144737	94747	49990	14552	0	0	14552
AF	0	7.103825	131718	86541	45177	13312	0	0	13312
AF	0	7.285974	135731	89237	46494	13899	0	0	13899
AF	0	7.468124	131317	86319	44998	13255	0	0	13255
AF	0	7.650273	124303	81646	42657	12653	0	0	12653
AF	0	7.832423	123732	81143	42589	12383	0	0	12383
AF	0	8.014572	123052	80805	42247	12525	0	0	12525
AF	0	8.196721	111828	73676	38152	11495	0	0	11495
AF	0	8.378871	118438	78038	40400	12144	0	0	12144
AF	0	8.561020	114668	75452	39216	11530	0	0	11530
AF	0	8.743169	110329	72774	37555	10997	0	0	10997
AF	0	8.925319	105549	69473	36076	10690	0	0	10690
AF	0	9.107468	108006	71315	36691	10683	0	0	10683
AF	0	9.289617	103018	67752	35266	10464	0	0	10464
AF	0	9.471767	102112	67014	35098	10340	0	0	10340
AF	0	9.653916	100097	65691	34406	10079	0	0	10079
AF	0	9.836066	88511	58107	30404	9212	0	0	9212
AF	0	10.018215	94559	61974	32585	9910	0	0	9910
AF	0	10.200364	90231	59225	31006	9527	0	0	9527
AF	0	10.382514	87144	57226	29918	9053	0	0	9053
AF	0	10.564663	83937	55319	28618	8879	0	0	8879
AF	0	10.746812	84761	56103	28658	8785	0	0	8785
AF	0	10.928962	79857	52704	27153	8289	0	0	8289
AF	0	11.111111	83355	55064	28291	8577	0	0	8577
AF	0	11.293260	82033	54270	27763	8289	0	0	8289
AF	0	11.475410	78946	52227	26719	7934	0	0	7934
AF	0	11.657559	80032	52801	27231	8161	0	0	8161
AF	0	11.839709	78914	51956	26958	7964	0	0	7964
AF	0	12.021858	78688	51842	26846	7909	0	0	7909
AF	0	12.204007	78047	51321	26726	7875	0	0	7875
AF	0	12.386157	68101	44813	23288	7052	0	0	7052
AF	0	12.568306	75506	49988	25518	7482	0	0	7482
AF	0	12.750455	73820	48878	24942	7459	0	0	7459
AF	0	12.932605	72216	47553	24663	7343	0	0	7343
AF	0	13.114754	70097	46332	23765	7039	0	0	7039
AF	0	13.296903	68194	45078	23116	6787	0	0	6787
AF	0	13.479053	65951	43700	22251	6709	0	0	6709
AF	0	13.661202	68279	45227	23052	6843	0	0	6843
AF	0	13.843352	65921	43388	22533	6587	0	0	6587
AF	0	14.025501	66631	44106	22525	6725	0	0	6725
AF	0	14.207650	61857	40919	20938	6127	0	0	6127
AF	0	14.389800	64350	42498	21852	6257	0	0	6257
AF	0	14.571949	63109	41632	21477	6193	0	0	6193
AF	0	14.754098	63697	42049	21648	6328	0	0	6328
AF	0	14.936248	59897	39505	20392	5944	0	0	5944
AF	0	15.118397	60680	40268	20412	6168	0	0	6168
AF	0	15.300546	58276	38345	19931	5665	0	0	5665
AF	0	15.482696	57371	38005	19366	5728	0	0	5728
AF	0	15.664845	56931	37599	19332	5585	0	0	5585
AF	0	15.846995	56371	37215	19156	5630	0	0	5630
AF	0	16.029144	55851	37053	18798	5550	0	0	5550
AF	0	16.211293	55870	36923	18947	5431	0	0	5431
AF	0	16.393443	55259	36440	18819	5418	0	0	5418
AF	0	16.575592	45559	30125	15434	4617	0	0	4617
AF	0	16.757741	53007	35084	17923	5309	0	0	5309
AF	0	16.939891	52432	34659	17773	5194	0	0	5194
AF	0	17.122040	51476	33929	17547	5028	0	0	5028
AF	0	17.304189	49618	32585	17033	4850	0	0	4850
AF	0	17.486339	48712	32034	16678	4798	0	0	4798
AF	0	17.668488	46747	30883	15864	4683	0	0	4683
AF	0	17.850638	46899	30925	15974	4686	0	0	4686
AF	0	18.032787	44061	29023	15038	4513	0	0	4513
AF	0	18.214936	44011	28936	15075	4646	0	0	4646
AF	0	18.397086	44080	28982	15098	4505	0	0	4505
AF	0	18.579235	40682	26611	14071	4265	0	0	4265
AF	0	18.761384	42469	28054	14415	4265	0	0	4265
AF	0	18.943534	41093	27201	13892	4251	0	0	4251
AF	0	19.125683	38933	25729	13204	4252	0	0	4252
AF	0	19.307832	39223	26110	13113	4089	0	0	4089
AF	0	19.489982	39330	26002	13328	4124	0	0	4124
AF	0	19.672131	39163	25888	13275	4091	0	0	4091
AF	0	19.854281	36073	23881	12192	3833	0	0	3833
AF	0	20.036430	40315	26625	13690	4024	0	0	4024
AF	0	20.218579	39937	26465	13472	4050	0	0	4050
AF	0	20.400729	38923	25630	13293	3853	0	0	3853
AF	0	20.582878	40606	26811	13795	3877	0	0	3877
AF	0	20.765027	39059	25809	13250	3658	0	0	3658
AF	0	20.947177	39444	26069	13375	3803	0	0	3803
AF	0	21.129326	40044	26590	13454	3736	0	0	3736
AF	0	21.311475	37607	24759	12848	3503	0	0	3503
AF	0	21.493625	39905	26343	13562	3720	0	0	3720
AF	0	21.675774	38274	25108	13166	3481	0	0	3481
AF	0	21.857923	38916	25682	13234	3613	0	0	3613
AF	0	22.040073	36774	24269	12505	3412	0	0	3412
AF	0	22.222222	38717	25386	13331	3420	0	0	3420
AF	0	22.404372	37519	24797	12722	3436	0	0	3436
AF	0	22.586521	36469	23974	12495	3356	0	0	3356
AF	0	22.768670	37784	24870	12914	3294	0	0	3294
AF	0	22.950820	36302	23723	12579	3210	0	0	3210
AF	0	23.132969	36766	24200	12566	3099	0	0	3099
AF	0	23.315118	36896	24469	12427	3012	0	0	3012
AF	0	23.497268	36491	24233	12258	3096	0	0	3096
AF	0	23.679417	36806	24339	12467	3134	0	0	3134
AF	0	23.861566	36214	23866	12348	3059	0	0	3059
AF	0	24.043716	36952	24402	12550	3151	0	0	3151
AF	0	24.225865	37115	24371	12744	3055	0	0	3055
AF	0	24.408015	37517	24567	12950	3056	0	0	3056
AF	0	24.590164	37562	24583	12979	3030	0	0	3030
AF	0	24.772313	28666	18758	9908	2197	0	0	2197
AF	0	24.954463	38134	25043	13091	3070	0	0	3070
AF	0	25.136612	37525	24641	12884	2864	0	0	2864
AF	0	25.318761	37551	24620	12931	2870	0	0	2870
AF	0	25.500911	37519	24646	12873	2855	0	0	2855
AF	0	25.683060	36822	24080	12742	2710	0	0	2710
AF	0	25.865209	36011	23530	12481	2768	0	0	2768
AF	0	26.047359	35051	22822	12229	2722	0	0	2722
AF	0	26.229508	33530	22062	11468	2583	0	0	2583
AF	0	26.411658	31719	20734	10985	2618	0	0	2618
AF	0	26.593807	29734	19673	10061	2644	0	0	2644
AF	0	26.775956	28571	18934	9637	2531	0	0	2531
AF	0	26.958106	28593	18880	9713	2514	0	0	2514
AF	0	27.140255	27288	18167	9121	2431	0	0	2431
AF	0	27.322404	27227	18102	9125	2523	0	0	2523
AF	0	27.504554	27189	18056	9133	2357	0	0	2357
AF	0	27.686703	25861	17071	8790	2352	0	0	2352
AF	0	27.868852	27126	17997	9129	2360	0	0	2360
AF	0	28.051002	25962	17364	8598	2368	0	0	2368
AF	0	28.233151	26263	17337	8926	2353	0	0	2353
AF	0	28.415301	24378	16117	8261	2287	0	0	2287
AF	0	28.597450	25754	17078	8676	2333	0	0	2333
AF	0	28.779599	24972	16353	8619	2317	0	0	2317
AF	0	28.961749	24407	16234	8173	2269	0	0	2269
AF	0	29.143898	25526	16791	8735	2305	0	0	2305
AF	0	29.326047	24514	16292	8222	2161	0	0	2161
AF	0	29.508197	24651	16362	8289	2219	0	0	2219
AF	0	29.690346	24787	16414	8373	2262	0	0	2262
AF	0	29.872495	22480	14788	7692	2038	0	0	2038
AF	0	30.054645	24361	16020	8341	2153	0	0	2153
AF	0	30.236794	23181	15262	7919	2040	0	0	2040
AF	0	30.418944	22260	14583	7677	2098	0	0	2098
AF	0	30.601093	21383	13989	7394	2038	0	0	2038
AF	0	30.783242	21356	14077	7279	2041	0	0	2041
AF	0	30.965392	20814	13577	7237	2014	0	0	2014
AF	0	31.147541	19197	12502	6695	1811	0	0	1811
AF	0	31.329690	19908	12962	6946	1956	0	0	1956
AF	0	31.511840	19088	12517	6571	1924	0	0	1924
AF	0	31.693989	18132	11981	6151	1807	0	0	1807
AF	0	31.876138	18543	12334	6209	1805	0	0	1805
AF	0	32.058288	17806	11879	5927	1803	0	0	1803
AF	0	32.240437	17617	11753	5864	1820	0	0	1820
AF	0	32.422587	17172	11506	5666	1782	0	0	1782
AF	0	32.604736	17505	11640	5865	1703	0	0	1703
AF	0	32.786885	17722	11756	5966	1844	0	0	1844
AF	0	32.969035	17874	12057	5817	1849	0	0	1849
AF	0	33.151184	15196	10021	5175	1566	0	0	1566
AF	0	33.333333	18313	12035	6278	1850	0	0	1850
AF	0	33.515483	18171	12098	6073	1782	0	0	1782
AF	0	33.697632	18638	12283	6355	1788	0	0	1788
AF	0	33.879781	18793	12309	6484	1870	0	0	1870
AF	0	34.061931	18857	12499	6358	1870	0	0	1870
AF	0	34.244080	18614	12189	6425	1758	0	0	1758
AF	0	34.426230	18862	12392	6470	1725	0	0	1725
AF	0	34.608379	19282	12757	6525	1848	0	0	1848
AF	0	34.790528	18745	12486	6259	1748	0	0	1748
AF	0	34.972678	19807	13201	6606	1822	0	0	1822
AF	0	35.154827	19099	12669	6430	1733	0	0	1733
AF	0	35.336976	19164	12655	6509	1736	0	0	1736
AF	0	35.519126	18201	12123	6078	1608	0	0	1608
AF	0	35.701275	19045	12572	6473	1718	0	0	1718
AF	0	35.883424	18596	12335	6261	1614	0	0	1614
AF	0	36.065574	19066	12691	6375	1689	0	0	1689
AF	0	36.247723	17894	11788	6106	1610	0	0	1610
AF	0	36.429872	17971	11831	6140	1645	0	0	1645
AF	0	36.612022	18309	12207	6102	1671	0	0	1671
AF	0	36.794171	17881	11949	5932	1617	0	0	1617
AF	0	36.976321	18251	12062	6189	1569	0	0	1569
AF	0	37.158470	18253	12127	6126	1627	0	0	1627
AF	0	37.340619	16037	10590	5447	1373	0	0	1373
AF	0	37.522769	17953	11840	6113	1551	0	0	1551
AF	0	37.704918	17949	11936	6013	1572	0	0	1572
AF	0	37.887067	17649	11709	5940	1574	0	0	1574
AF	0	38.069217	17326	11480	5846	1515	0	0	1515
AF	0	38.251366	16887	11098	5789	1435	0	0	1435
AF	0	38.433515	17397	11518	5879	1548	0	0	1548
AF	0	38.615665	17524	11591	5933	1563	0	0	1563
AF	0	38.797814	16209	10735	5474	1454	0	0	1454
AF	0	38.979964	16858	11313	5545	1492	0	0	1492
AF	0	39.162113	16363	10776	5587	1377	0	0	1377
AF	0	39.344262	16573	10915	5658	1516	0	0	1516
AF	0	39.526412	16816	11081	5735	1530	0	0	1530
AF	0	39.708561	16841	11095	5746	1525	0	0	1525
AF	0	39.890710	15372	10207	5165	1326	0	0	1326
AF	0	40.072860	16862	11184	5678	1464	0	0	1464
AF	0	40.255009	16687	10974	5713	1504	0	0	1504
AF	0	40.437158	16425	10920	5505	1403	0	0	1403
AF	0	40.619308	16798	11030	5768	1404	0	0	1404
AF	0	40.801457	16190	10659	5531	1428	0	0	1428
AF	0	40.983607	16536	10886	5650	1428	0	0	1428
AF	0	41.165756	16593	11025	5568	1453	0	0	1453
AF	0	41.347905	16470	10852	5618	1437	0	0	1437
AF	0	41.530055	15405	10075	5330	1298	0	0	1298
AF	0	41.712204	15877	10518	5359	1345	0	0	1345
AF	0	41.894353	15812	10339	5473	1336	0	0	1336
AF	0	42.076503	15548	10280	5268	1283	0	0	1283
AF	0	42.258652	15877	10432	5445	1307	0	0	1307
AF	0	42.440801	15883	10469	5414	1316	0	0	1316
AF	0	42.622951	14875	9825	5050	1222	0	0	1222
AF	0	42.805100	15914	10440	5474	1299	0	0	1299
AF	0	42.987250	15690	10420	5270	1187	0	0	1187
AF	0	43.169399	15230	10047	5183	1241	0	0	1241
AF	0	43.351548	15302	10141	5161	1165	0	0	1165
AF	0	43.533698	14810	9648	5162	1099	0	0	1099
AF	0	43.715847	15511	10236	5275	1202	0	0	1202
AF	0	43.897996	15055	9966	5089	1208	0	0	1208
AF	0	44.080146	15252	9989	5263	1196	0	0	1196
AF	0	44.262295	14602	9601	5001	1212	0	0	1212
AF	0	44.444444	15217	10052	5165	1190	0	0	1190
AF	0	44.626594	14901	9763	5138	1175	0	0	1175
AF	0	44.808743	14436	9477	4959	1151	0	0	1151
AF	0	44.990893	15043	9972	5071	1185	0	0	1185
AF	0	45.173042	15164	9926	5238	1123	0	0	1123
AF	0	45.355191	14710	9769	4941	1129	0	0	1129
AF	0	45.537341	15365	10078	5287	1156	0	0	1156
AF	0	45.719490	14916	9793	5123	1209	0	0	1209
AF	0	45.901639	14676	9586	5090	1115	0	0	1115
AF	0	46.083789	15233	10066	5167	1191	0	0	1191
AF	0	46.265938	14724	9531	5193	1157	0	0	1157
AF	0	46.448087	14617	9646	4971	1162	0	0	1162
AF	0	46.630237	14508	9473	5035	1093	0	0	1093
AF	0	46.812386	14459	9432	5027	1061	0	0	1061
AF	0	46.994536	14261	9232	5029	1128	0	0	1128
AF	0	47.176685	14058	9013	5045	1061	0	0	1061
AF	0	47.358834	13828	8942	4886	1102	0	0	1102
AF	0	47.540984	13691	8870	4821	1091	0	0	1091
AF	0	47.723133	13419	8632	4787	1131	0	0	1131
AF	0	47.905282	13006	8312	4694	1091	0	0	1091
AF	0	48.087432	12717	8168	4549	1109	0	0	1109
AF	0	48.269581	12407	8018	4389	1097	0	0	1097
AF	0	48.451730	12116	7812	4304	1100	0	0	1100
AF	0	48.633880	11768	7540	4228	1136	0	0	1136
AF	0	48.816029	11241	7210	4031	1054	0	0	1054
AF	0	48.998179	10712	6970	3742	1097	0	0	1097
AF	0	49.180328	10256	6678	3578	1132	0	0	1132
AF	0	49.362477	10281	6690	3591	1209	0	0	1209
AF	0	49.544627	10292	6748	3544	1245	0	0	1245
AF	0	49.726776	8034	5025	3009	832	0	0	832
AF	0	49.908925	12587	8162	4425	1536	0	0	1536
AF	0	50.091075	9390	6167	3223	1275	0	0	1275
AF	0	50.273224	8868	5913	2955	1161	0	0	1161
AF	0	50.455373	8938	5876	3062	1116	0	0	1116
AF	0	50.637523	9033	5916	3117	1123	0	0	1123
AF	0	50.819672	9473	6176	3297	1064	0	0	1064
AF	0	51.001821	9810	6352	3458	1032	0	0	1032
AF	0	51.183971	10177	6540	3637	1011	0	0	1011
AF	0	51.366120	10322	6618	3704	998	0	0	998
AF	0	51.548270	10490	6715	3775	1019	0	0	1019
AF	0	51.730419	10777	7006	3771	1011	0	0	1011
AF	0	51.912568	10916	7015	3901	1034	0	0	1034
AF	0	52.094718	11156	7252	3904	1043	0	0	1043
AF	0	52.276867	11122	7271	3851	972	0	0	972
AF	0	52.459016	11605	7541	4064	989	0	0	989
AF	0	52.641166	11806	7796	4010	1056	0	0	1056
AF	0	52.823315	11671	7618	4053	989	0	0	989
AF	0	53.005464	11913	7891	4022	1044	0	0	1044
AF	0	53.187614	11776	7819	3957	1075	0	0	1075
AF	0	53.369763	11800	7818	3982	1068	0	0	1068
AF	0	53.551913	12117	7986	4131	1154	0	0	1154
AF	0	53.734062	11462	7666	3796	1130	0	0	1130
AF	0	53.916211	11781	7737	4044	1078	0	0	1078
AF	0	54.098361	11872	7985	3887	1101	0	0	1101
AF	0	54.280510	11206	7498	3708	1062	0	0	1062
AF	0	54.462659	11691	7753	3938	1101	0	0	1101
AF	0	54.644809	11481	7654	3827	1044	0	0	1044
AF	0	54.826958	11024	7369	3655	1036	0	0	1036
AF	0	55.009107	11127	7289	3838	1097	0	0	1097
AF	0	55.191257	11579	7668	3911	1054	0	0	1054
AF	0	55.373406	10978	7417	3561	1070	0	0	1070
AF	0	55.555556	11470	7647	3823	1106	0	0	1106
AF	0	55.737705	11241	7523	3718	1124	0	0	1124
AF	0	55.919854	11595	7679	3916	1076	0	0	1076
AF	0	56.102004	10959	7265	3694	1063	0	0	1063
AF	0	56.284153	11286	7500	3786	1069	0	0	1069
AF	0	56.466302	11095	7430	3665	1026	0	0	1026
AF	0	56.648452	11318	7584	3734	1066	0	0	1066
AF	0	56.830601	11654	7674	3980	1060	0	0	1060
AF	0	57.012750	10660	7137	3523	996	0	0	996
AF	0	57.194900	11444	7665	3779	995	0	0	995
AF	0	57.377049	11189	7417	3772	1035	0	0	1035
AF	0	57.559199	10897	7243	3654	976	0	0	976
AF	0	57.741348	10989	7334	3655	979	0	0	979
AF	0	57.923497	11478	7632	3846	974	0	0	974
AF	0	58.105647	10535	6948	3587	957	0	0	957
AF	0	58.287796	11463	7653	3810	1004	0	0	1004
AF	0	58.469945	11256	7443	3813	956	0	0	956
AF	0	58.652095	10978	7283	3695	971	0	0	971
AF	0	58.834244	10568	7010	3558	888	0	0	888
AF	0	59.016393	11254	7498	3756	997	0	0	997
AF	0	59.198543	10811	7156	3655	894	0	0	894
AF	0	59.380692	10819	7206	3613	922	0	0	922
AF	0	59.562842	11063	7452	3611	968	0	0	968
AF	0	59.744991	10129	6729	3400	860	0	0	860
AF	0	59.927140	11200	7360	3840	964	0	0	964
AF	0	60.109290	10737	7175	3562	984	0	0	984
AF	0	60.291439	10870	7257	3613	961	0	0	961
AF	0	60.473588	10804	7146	3658	969	0	0	969
AF	0	60.655738	10862	7171	3691	900	0	0	900
AF	0	60.837887	10353	6937	3416	900	0	0	900
AF	0	61.020036	10821	7197	3624	925	0	0	925
AF	0	61.202186	10613	7014	3599	960	0	0	960
AF	0	61.384335	10261	6753	3508	893	0	0	893
AF	0	61.566485	10442	6881	3561	893	0	0	893
AF	0	61.748634	10375	6786	3589	909	0	0	909
AF	0	61.930783	10629	6996	3633	936	0	0	936
AF	0	62.112933	10616	7050	3566	909	0	0	909
AF	0	62.295082	9331	6225	3106	825	0	0	825
AF	0	62.477231	10368	6909	3459	897	0	0	897
AF	0	62.659381	10473	6951	3522	860	0	0	860
AF	0	62.841530	10132	6785	3347	898	0	0	898
AF	0	63.023679	10268	6722	3546	896	0	0	896
AF	0	63.205829	9818	6589	3229	837	0	0	837
AF	0	63.387978	9849	6570	3279	860	0	0	860
AF	0	63.570128	10266	6820	3446	917	0	0	917
AF	0	63.752277	10037	6610	3427	889	0	0	889
AF	0	63.934426	10239	6798	3441	855	0	0	855
AF	0	64.116576	9524	6326	3198	845	0	0	845
AF	0	64.298725	9972	6607	3365	870	0	0	870
AF	0	64.480874	9668	6421	3247	830	0	0	830
AF	0	64.663024	9782	6586	3196	858	0	0	858
AF	0	64.845173	9242	6138	3104	843	0	0	843
AF	0	65.027322	9624	6398	3226	808	0	0	808
AF	0	65.209472	9429	6259	3170	843	0	0	843
AF	0	65.391621	9369	6296	3073	830	0	0	830
AF	0	65.573770	9485	6308	3177	819	0	0	819
AF	0	65.755920	9590	6327	3263	822	0	0	822
AF	0	65.938069	9717	6330	3387	803	0	0	803
AF	0	66.120219	9680	6317	3363	813	0	0	813
AF	0	66.302368	9669	6314	3355	837	0	0	837
AF	0	66.484517	7947	5350	2597	724	0	0	724
AF	0	66.666667	9480	6322	3158	785	0	0	785
AF	0	66.848816	8902	5933	2969	848	0	0	848
AF	0	67.030965	8762	5879	2883	796	0	0	796
AF	0	67.213115	8642	5880	2762	761	0	0	761
AF	0	67.395264	8491	5725	2766	845	0	0	845
AF	0	67.577413	8559	5830	2729	801	0	0	801
AF	0	67.759563	8734	5872	2862	840	0	0	840
AF	0	67.941712	8521	5642	2879	715	0	0	715
AF	0	68.123862	8694	5795	2899	827	0	0	827
AF	0	68.306011	9001	5957	3044	804	0	0	804
AF	0	68.488160	8618	5724	2894	740	0	0	740
AF	0	68.670310	9100	5953	3147	777	0	0	777
AF	0	68.852459	9272	6065	3207	798	0	0	798
AF	0	69.034608	9088	6032	3056	811	0	0	811
AF	0	69.216758	9350	6119	3231	761	0	0	761
AF	0	69.398907	9350	6201	3149	764	0	0	764
AF	0	69.581056	9754	6440	3314	782	0	0	782
AF	0	69.763206	8944	6000	2944	668	0	0	668
AF	0	69.945355	9931	6574	3357	766	0	0	766
AF	0	70.127505	9765	6520	3245	736	0	0	736
AF	0	70.309654	9742	6461	3281	678	0	0	678
AF	0	70.491803	9887	6648	3239	687	0	0	687
AF	0	70.673953	9330	6194	3136	701	0	0	701
AF	0	70.856102	9613	6436	3177	719	0	0	719
AF	0	71.038251	10014	6594	3420	727	0	0	727
AF	0	71.220401	9358	6192	3166	729	0	0	729
AF	0	71.402550	9991	6707	3284	773	0	0	773
AF	0	71.584699	9803	6485	3318	728	0	0	728
AF	0	71.766849	9958	6643	3315	713	0	0	713
AF	0	71.948998	9721	6538	3183	732	0	0	732
AF	0	72.131148	10006	6603	3403	724	0	0	724
AF	0	72.313297	9800	6525	3275	775	0	0	775
AF	0	72.495446	9759	6511	3248	741	0	0	741
AF	0	72.677596	10133	6712	3421	713	0	0	713
AF	0	72.859745	9712	6469	3243	719	0	0	719
AF	0	73.041894	9925	6625	3300	751	0	0	751
AF	0	73.224044	9976	6660	3316	667	0	0	667
AF	0	73.406193	10201	6818	3383	749	0	0	749
AF	0	73.588342	10279	6919	3360	758	0	0	758
AF	0	73.770492	10247	6780	3467	749	0	0	749
AF	0	73.952641	10145	6777	3368	767	0	0	767
AF	0	74.134791	10292	6920	3372	752	0	0	752
AF	0	74.316940	10203	6859	3344	697	0	0	697
AF	0	74.499089	10261	6846	3415	659	0	0	659
AF	0	74.681239	7755	5220	2535	536	0	0	536
AF	0	74.863388	10132	6813	3319	716	0	0	716
AF	0	75.045537	10013	6719	3294	732	0	0	732
AF	0	75.227687	10228	6790	3438	655	0	0	655
AF	0	75.409836	10106	6766	3340	689	0	0	689
AF	0	75.591985	10102	6754	3348	686	0	0	686
AF	0	75.774135	9800	6505	3295	702	0	0	702
AF	0	75.956284	10004	6719	3285	685	0	0	685
AF	0	76.138434	9812	6491	3321	670	0	0	670
AF	0	76.320583	9892	6571	3321	647	0	0	647
AF	0	76.502732	9869	6503	3366	682	0	0	682
AF	0	76.684882	10046	6632	3414	648	0	0	648
AF	0	76.867031	9985	6566	3419	675	0	0	675
AF	0	77.049180	9760	6515	3245	623	0	0	623
AF	0	77.231330	9994	6709	3285	635	0	0	635
AF	0	77.413479	10017	6576	3441	635	0	0	635
AF	0	77.595628	9439	6268	3171	629	0	0	629
AF	0	77.777778	9883	6528	3355	617	0	0	617
AF	0	77.959927	9553	6325	3228	669	0	0	669
AF	0	78.142077	9909	6558	3351	608	0	0	608
AF	0	78.324226	9201	6048	3153	592	0	0	592
AF	0	78.506375	9524	6289	3235	621	0	0	621
AF	0	78.688525	9459	6259	3200	666	0	0	666
AF	0	78.870674	9255	6167	3088	548	0	0	548
AF	0	79.052823	9410	6252	3158	610	0	0	610
AF	0	79.234973	9392	6281	3111	563	0	0	563
AF	0	79.417122	9468	6291	3177	640	0	0	640
AF	0	79.599271	9435	6229	3206	607	0	0	607
AF	0	79.781421	8544	5702	2842	527	0	0	527
AF	0	79.963570	9206	6172	3034	605	0	0	605
AF	0	80.145719	8977	5959	3018	578	0	0	578
AF	0	80.327869	8950	6033	2917	573	0	0	573
AF	0	80.510018	8775	5863	2912	602	0	0	602
AF	0	80.692168	8721	5869	2852	548	0	0	548
AF	0	80.874317	8912	5878	3034	526	0	0	526
AF	0	81.056466	8502	5566	2936	524	0	0	524
AF	0	81.238616	9076	5947	3129	578	0	0	578
AF	0	81.420765	8953	6010	2943	533	0	0	533
AF	0	81.602914	9036	5891	3145	520	0	0	520
AF	0	81.785064	9126	5988	3138	496	0	0	496
AF	0	81.967213	8984	5963	3021	526	0	0	526
AF	0	82.149362	9294	6168	3126	528	0	0	528
AF	0	82.331512	9373	6142	3231	507	0	0	507
AF	0	82.513661	9433	6257	3176	515	0	0	515
AF	0	82.695811	9723	6604	3119	500	0	0	500
AF	0	82.877960	9563	6327	3236	542	0	0	542
AF	0	83.060109	8326	5561	2765	435	0	0	435
AF	0	83.242259	9584	6409	3175	512	0	0	512
AF	0	83.424408	9624	6383	3241	493	0	0	493
AF	0	83.606557	9423	6257	3166	492	0	0	492
AF	0	83.788707	9416	6353	3063	490	0	0	490
AF	0	83.970856	9479	6260	3219	477	0	0	477
AF	0	84.153005	9531	6293	3238	451	0	0	451
AF	0	84.335155	9451	6235	3216	469	0	0	469
AF	0	84.517304	9455	6214	3241	453	0	0	453
AF	0	84.699454	9119	6073	3046	476	0	0	476
AF	0	84.881603	9261	6179	3082	484	0	0	484
AF	0	85.063752	9211	6159	3052	425	0	0	425
AF	0	85.245902	9362	6209	3153	467	0	0	467
AF	0	85.428051	8908	5916	2992	438	0	0	438
AF	0	85.610200	9390	6194	3196	423	0	0	423
AF	0	85.792350	9238	6204	3034	412	0	0	412
AF	0	85.974499	9335	6198	3137	388	0	0	388
AF	0	86.156648	9007	5952	3055	403	0	0	403
AF	0	86.338798	8845	5793	3052	415	0	0	415
AF	0	86.520947	9095	5911	3184	403	0	0	403
AF	0	86.703097	9142	6103	3039	396	0	0	396
AF	0	86.885246	9027	5910	3117	403	0	0	403
AF	0	87.067395	9080	5999	3081	381	0	0	381
AF	0	87.249545	7813	5093	2720	345	0	0	345
AF	0	87.431694	8763	5848	2915	361	0	0	361
AF	0	87.613843	8627	5762	2865	361	0	0	361
AF	0	87.795993	8437	5583	2854	366	0	0	366
AF	0	87.978142	8283	5555	2728	348	0	0	348
AF	0	88.160291	8000	5384	2616	312	0	0	312
AF	0	88.342441	8074	5443	2631	341	0	0	341
AF	0	88.524590	8133	5378	2755	315	0	0	315
AF	0	88.706740	7550	5026	2524	299	0	0	299
AF	0	88.888889	7730	5140	2590	320	0	0	320
AF	0	89.071038	7511	4973	2538	299	0	0	299
AF	0	89.253188	7464	5020	2444	290	0	0	290
AF	0	89.435337	7488	4909	2579	338	0	0	338
AF	0	89.617486	7837	5178	2659	313	0	0	313
AF	0	89.799636	6943	4559	2384	271	0	0	271
AF	0	89.981785	7689	5022	2667	289	0	0	289
AF	0	90.163934	7442	4967	2475	256	0	0	256
AF	0	90.346084	7256	4733	2523	246	0	0	246
AF	0	90.528233	7401	4871	2530	277	0	0	277
AF	0	90.710383	7276	4826	2450	242	0	0	242
AF	0	90.892532	7123	4742	2381	241	0	0	241
AF	0	91.074681	6999	4684	2315	261	0	0	261
AF	0	91.256831	7020	4614	2406	250	0	0	250
AF	0	91.438980	6391	4182	2209	237	0	0	237
AF	0	91.621129	6831	4438	2393	229	0	0	229
AF	0	91.803279	6521	4333	2188	246	0	0	246
AF	0	91.985428	6464	4310	2154	219	0	0	219
AF	0	92.167577	6444	4261	2183	217	0	0	217
AF	0	92.349727	6297	4121	2176	226	0	0	226
AF	0	92.531876	5762	3743	2019	202	0	0	202
AF	0	92.714026	5883	3850	2033	196	0	0	196
AF	0	92.896175	5716	3742	1974	223	0	0	223
AF	0	93.078324	5465	3548	1917	188	0	0	188
AF	0	93.260474	5433	3543	1890	222	0	0	222
AF	0	93.442623	4982	3333	1649	183	0	0	183
AF	0	93.624772	5041	3321	1720	196	0	0	196
AF	0	93.806922	4853	3199	1654	166	0	0	166
AF	0	93.989071	4976	3300	1676	189	0	0	189
AF	0	94.171220	4492	2926	1566	195	0	0	195
AF	0	94.353370	4560	2989	1571	197	0	0	197
AF	0	94.535519	4436	2911	1525	159	0	0	159
AF	0	94.717668	4258	2753	1505	159	0	0	159
AF	0	94.899818	3999	2667	1332	180	0	0	180
AF	0	95.081967	3785	2489	1296	149	0	0	149
AF	0	95.264117	3608	2343	1265	138	0	0	138
AF	0	95.446266	3651	2387	1264	155	0	0	155
AF	0	95.628415	3409	2246	1163	144	0	0	144
AF	0	95.810565	3463	2224	1239	157	0	0	157
AF	0	95.992714	3441	2264	1177	154	0	0	154
AF	0	96.174863	3079	1970	1109	126	0	0	126
AF	0	96.357013	2913	1769	1144	162	0	0	162
AF	0	96.539162	2789	1824	965	163	0	0	163
AF	0	96.721311	2474	1576	898	152	0	0	152
AF	0	96.903461	2344	1531	813	147	0	0	147
AF	0	97.085610	2231	1452	779	152	0	0	152
AF	0	97.267760	2216	1362	854	144	0	0	144
AF	0	97.449909	2245	1431	814	140	0	0	140
AF	0	97.632058	2074	1266	808	159	0	0	159
AF	0	97.814208	1886	1155	731	136	0	0	136
AF	0	97.996357	1853	1133	720	133	0	0	133
AF	0	98.178506	1754	1056	698	135	0	0	135
AF	0	98.360656	1682	1001	681	161	0	0	161
AF	0	98.542805	1538	849	689	138	0	0	138
AF	0	98.724954	1626	889	737	150	0	0	150
AF	0	98.907104	1669	971	698	151	0	0	151
AF	0	99.089253	1770	1011	759	136	0	0	136
AF	0	99.271403	1908	1072	836	161	0	0	161
AF	0	99.453552	2325	1238	1087	151	0	0	151
AF	0	99.635701	1547	810	737	83	0	0	83
AF	0	99.817851	8831	3558	5273	385	0	0	385
# QUAL, Stats by quality:
# QUAL	[2]id	[3]Quality	[4]number of SNPs	[5]number of transitions (1st ALT)	[6]number of transversions (1st ALT)	[7]number of indels
QUAL	0	3	77645	46754	30891	4085
QUAL	0	4	72146	43756	28390	3684
QUAL	0	5	64995	39430	25565	3205
QUAL	0	6	63266	38883	24383	2819
QUAL	0	7	54968	33977	20991	2692
QUAL	0	8	53591	33241	20350	2534
QUAL	0	9	53424	33095	20329	2476
QUAL	0	10	52784	32879	19905	2306
QUAL	0	11	52768	32857	19911	2223
QUAL	0	12	52628	33072	19556	2204
QUAL	0	13	52768	33306	19462	2173
QUAL	0	14	52719	33154	19565	2054
QUAL	0	15	51019	32221	18798	1977
QUAL	0	16	50958	32011	18947	2033
QUAL	0	17	52636	33303	19333	1973
QUAL	0	18	53662	33964	19698	2005
QUAL	0	19	52263	33102	19161	1883
QUAL	0	20	51336	32281	19055	1810
QUAL	0	21	50664	32063	18601	1856
QUAL	0	22	51006	32211	18795	1893
QUAL	0	23	49691	31360	18331	1833
QUAL	0	24	49352	31240	18112	1820
QUAL	0	25	47854	30032	17822	1772
QUAL	0	26	46953	29485	17468	1740
QUAL	0	27	45338	28564	16774	1716
QUAL	0	28	44564	27872	16692	1700
QUAL	0	29	44055	27612	16443	1788
QUAL	0	30	42792	26945	15847	1703
QUAL	0	31	41749	26237	15512	1709
QUAL	0	32	41686	26085	15601	1724
QUAL	0	33	40538	25266	15272	1608
QUAL	0	34	39889	25150	14739	1625
QUAL	0	35	38350	24237	14113	1667
QUAL	0	36	38080	24207	13873	1706
QUAL	0	37	37933	23954	13979	1602
QUAL	0	38	36851	23316	13535	1633
QUAL	0	39	36196	23079	13117	1567
QUAL	0	40	36230	23150	13080	1620
QUAL	0	41	35559	22602	12957	1507
QUAL	0	42	35288	22489	12799	1490
QUAL	0	43	35469	22748	12721	1538
QUAL	0	44	35055	22588	12467	1507
QUAL	0	45	34647	22285	12362	1539
QUAL	0	46	34152	21822	12330	1520
QUAL	0	47	34044	21742	12302	1553
QUAL	0	48	34641	22270	12371	1569
QUAL	0	49	34527	22035	12492	1517
QUAL	0	50	13896	8797	5099	736
QUAL	0	51	33558	21633	11925	1491
QUAL	0	52	34162	21947	12215	1496
QUAL	0	53	33709	21621	12088	1457
QUAL	0	54	33201	21388	11813	1394
QUAL	0	55	33546	21576	11970	1333
QUAL	0	56	33496	21603	11893	1420
QUAL	0	57	33142	21349	11793	1340
QUAL	0	58	32731	21004	11727	1363
QUAL	0	59	32401	20945	11456	1341
QUAL	0	60	32835	21229	11606	1414
QUAL	0	61	32350	20702	11648	1420
QUAL	0	62	32105	20777	11328	1385
QUAL	0	63	32018	20679	11339	1319
QUAL	0	64	31907	20605	11302	1300
QUAL	0	65	31512	20222	11290	1317
QUAL	0	66	31799	20539	11260	1397
QUAL	0	67	30987	19966	11021	1388
QUAL	0	68	31109	19837	11272	1344
QUAL	0	69	30826	19793	11033	1331
QUAL	0	70	30999	19859	11140	1340
QUAL	0	71	30657	19716	10941	1338
QUAL	0	72	30498	19745	10753	1245
QUAL	0	73	30084	19516	10568	1329
QUAL	0	74	30135	19456	10679	1269
QUAL	0	75	30042	19400	10642	1263
QUAL	0	76	30028	19397	10631	1301
QUAL	0	77	29275	19171	10104	1182
QUAL	0	78	30107	19390	10717	1268
QUAL	0	79	29339	19130	10209	1230
QUAL	0	80	29450	19060	10390	1255
QUAL	0	81	29286	18973	10313	1233
QUAL	0	82	29042	18809	10233	1167
QUAL	0	83	29024	18766	10258	1220
QUAL	0	84	28891	18734	10157	1252
QUAL	0	85	28496	18337	10159	1188
QUAL	0	86	28857	18569	10288	1177
QUAL	0	87	28517	18429	10088	1220
QUAL	0	88	28502	18459	10043	1191
QUAL	0	89	28036	18060	9976	1246
QUAL	0	90	28170	18214	9956	1265
QUAL	0	91	27642	17945	9697	1217
QUAL	0	92	27814	18051	9763	1183
QUAL	0	93	27342	17687	9655	1095
QUAL	0	94	27475	17781	9694	1184
QUAL	0	95	27472	17725	9747	1143
QUAL	0	96	27343	17745	9598	1172
QUAL	0	97	27213	17593	9620	1152
QUAL	0	98	27001	17265	9736	1101
QUAL	0	99	26584	17205	9379	1146
QUAL	0	100	27011	17420	9591	1046
QUAL	0	101	26495	17119	9376	1120
QUAL	0	102	26528	17307	9221	1102
QUAL	0	103	25604	16663	8941	1044
QUAL	0	104	26349	17085	9264	1135
QUAL	0	105	25975	16911	9064	1167
QUAL	0	106	26261	17071	9190	1107
QUAL	0	107	25957	16897	9060	1073
QUAL	0	108	25795	16617	9178	1107
QUAL	0	109	25498	16547	8951	1084
QUAL	0	110	25391	16383	9008	1079
QUAL	0	111	25133	16277	8856	1128
QUAL	0	112	25364	16600	8764	1088
QUAL	0	113	24874	16129	8745	1081
QUAL	0	114	25160	16367	8793	1128
QUAL	0	115	24611	15940	8671	1032
QUAL	0	116	24680	16003	8677	1100
QUAL	0	117	24738	16089	8649	1026
QUAL	0	118	24454	15912	8542	1044
QUAL	0	119	24025	15414	8611	1079
QUAL	0	120	24131	15703	8428	1072
QUAL	0	121	23929	15569	8360	1061
QUAL	0	122	24052	15657	8395	1050
QUAL	0	123	23353	15159	8194	1045
QUAL	0	124	23830	15350	8480	1007
QUAL	0	125	23377	15209	8168	1027
QUAL	0	126	23517	15282	8235	1041
QUAL	0	127	22880	14847	8033	1053
QUAL	0	128	23175	15144	8031	1096
QUAL	0	129	22916	14969	7947	1022
QUAL	0	130	23145	15038	8107	1031
QUAL	0	131	22578	14650	7928	984
QUAL	0	132	22561	14632	7929	1099
QUAL	0	133	22084	14370	7714	1005
QUAL	0	134	22157	14342	7815	1067
QUAL	0	135	21918	14120	7798	1019
QUAL	0	136	22291	14441	7850	1001
QUAL	0	137	21764	14079	7685	1009
QUAL	0	138	22131	14423	7708	1072
QUAL	0	139	21534	13917	7617	1025
QUAL	0	140	21856	14231	7625	963
QUAL	0	141	21375	14096	7279	1023
QUAL	0	142	21537	14030	7507	1030
QUAL	0	143	20986	13716	7270	1012
QUAL	0	144	21185	13870	7315	1050
QUAL	0	145	20755	13577	7178	985
QUAL	0	146	21106	13710	7396	1036
QUAL	0	147	20518	13481	7037	1005
QUAL	0	148	20669	13474	7195	1041
QUAL	0	149	20352	13227	7125	966
QUAL	0	150	20461	13365	7096	923
QUAL	0	151	20308	13298	7010	985
QUAL	0	152	20197	13217	6980	980
QUAL	0	153	19912	13072	6840	1009
QUAL	0	154	19843	12933	6910	1008
QUAL	0	155	19902	13046	6856	943
QUAL	0	156	20020	13014	7006	981
QUAL	0	157	19546	12656	6890	979
QUAL	0	158	19673	12808	6865	939
QUAL	0	159	19212	12545	6667	1005
QUAL	0	160	19235	12490	6745	969
QUAL	0	161	19087	12514	6573	937
QUAL	0	162	19508	12721	6787	991
QUAL	0	163	19077	12452	6625	887
QUAL	0	164	19173	12551	6622	950
QUAL	0	165	18843	12246	6597	955
QUAL	0	166	19017	12475	6542	956
QUAL	0	167	18586	12163	6423	987
QUAL	0	168	18804	12240	6564	930
QUAL	0	169	18586	12082	6504	986
QUAL	0	170	18636	12181	6455	987
QUAL	0	171	27689	18114	9575	1057
QUAL	0	172	24501	16102	8399	1061
QUAL	0	173	19077	12421	6656	979
QUAL	0	174	18379	12029	6350	986
QUAL	0	175	18130	11858	6272	981
QUAL	0	176	18060	11700	6360	998
QUAL	0	177	17585	11420	6165	918
QUAL	0	178	17954	11731	6223	961
QUAL	0	179	17597	11443	6154	954
QUAL	0	180	17733	11523	6210	929
QUAL	0	181	17413	11323	6090	918
QUAL	0	182	17329	11287	6042	968
QUAL	0	183	17016	10996	6020	985
QUAL	0	184	17226	11301	5925	943
QUAL	0	185	17058	11098	5960	941
QUAL	0	186	17160	11138	6022	909
QUAL	0	187	16755	11020	5735	942
QUAL	0	188	16889	10949	5940	930
QUAL	0	189	16805	11004	5801	969
QUAL	0	190	16869	10916	5953	925
QUAL	0	191	16573	10747	5826	923
QUAL	0	192	16702	10883	5819	899
QUAL	0	193	16390	10643	5747	905
QUAL	0	194	16369	10747	5622	932
QUAL	0	195	16476	10765	5711	846
QUAL	0	196	16487	10664	5823	937
QUAL	0	197	16056	10455	5601	909
QUAL	0	198	16257	10480	5777	844
QUAL	0	199	16165	10477	5688	918
QUAL	0	200	16645	10963	5682	921
QUAL	0	201	17162	11337	5825	981
QUAL	0	202	22902	15154	7748	1687
QUAL	0	203	25627	16632	8995	5747
QUAL	0	204	15548	10205	5343	983
QUAL	0	205	15126	9813	5313	919
QUAL	0	206	15470	10086	5384	966
QUAL	0	207	14988	9782	5206	849
QUAL	0	208	15111	9829	5282	871
QUAL	0	209	14925	9748	5177	857
QUAL	0	210	15234	9951	5283	901
QUAL	0	211	14995	9858	5137	919
QUAL	0	212	15160	10017	5143	860
QUAL	0	213	14746	9552	5194	912
QUAL	0	214	14922	9725	5197	917
QUAL	0	215	14874	9686	5188	904
QUAL	0	216	15004	9760	5244	858
QUAL	0	217	14731	9639	5092	884
QUAL	0	218	14782	9714	5068	814
QUAL	0	219	14478	9401	5077	866
QUAL	0	220	14737	9633	5104	775
QUAL	0	221	14821	9646	5175	842
QUAL	0	222	14712	9608	5104	845
QUAL	0	223	14453	9394	5059	852
QUAL	0	224	14712	9708	5004	840
QUAL	0	225	14425	9535	4890	818
QUAL	0	226	14512	9431	5081	779
QUAL	0	227	14550	9498	5052	843
QUAL	0	228	14320	9301	5019	888
QUAL	0	229	14306	9317	4989	824
QUAL	0	230	14352	9342	5010	856
QUAL	0	231	14129	9228	4901	831
QUAL	0	232	14223	9305	4918	827
QUAL	0	233	13966	9058	4908	837
QUAL	0	234	14297	9236	5061	874
QUAL	0	235	14064	9145	4919	856
QUAL	0	236	13879	9066	4813	786
QUAL	0	237	14253	9202	5051	810
QUAL	0	238	14194	9177	5017	805
QUAL	0	239	14022	9202	4820	848
QUAL	0	240	14234	9402	4832	821
QUAL	0	241	14020	9113	4907	816
QUAL	0	242	13888	9048	4840	848
QUAL	0	243	14059	9209	4850	844
QUAL	0	244	13944	9161	4783	826
QUAL	0	245	13747	9060	4687	768
QUAL	0	246	13897	9102	4795	808
QUAL	0	247	13863	8950	4913	836
QUAL	0	248	13626	8864	4762	773
QUAL	0	249	13657	8902	4755	801
QUAL	0	250	13815	8959	4856	813
QUAL	0	251	13713	8960	4753	821
QUAL	0	252	13708	8907	4801	796
QUAL	0	253	13600	8947	4653	771
QUAL	0	254	13508	8759	4749	811
QUAL	0	255	13358	8764	4594	800
QUAL	0	256	13413	8843	4570	810
QUAL	0	257	13413	8714	4699	769
QUAL	0	258	13370	8647	4723	797
QUAL	0	259	13349	8668	4681	821
QUAL	0	260	13373	8746	4627	832
QUAL	0	261	13315	8786	4529	785
QUAL	0	262	13487	8794	4693	799
QUAL	0	263	13202	8624	4578	716
QUAL	0	264	13243	8655	4588	822
QUAL	0	265	13055	8526	4529	794
QUAL	0	266	13447	8747	4700	757
QUAL	0	267	13027	8479	4548	846
QUAL	0	268	13182	8603	4579	826
QUAL	0	269	13263	8536	4727	811
QUAL	0	270	13115	8582	4533	823
QUAL	0	271	13049	8469	4580	799
QUAL	0	272	13051	8506	4545	754
QUAL	0	273	12918	8538	4380	823
QUAL	0	274	12848	8433	4415	776
QUAL	0	275	12871	8433	4438	742
QUAL	0	276	12928	8466	4462	805
QUAL	0	277	12946	8526	4420	782
QUAL	0	278	12926	8428	4498	758
QUAL	0	279	12835	8429	4406	827
QUAL	0	280	12569	8169	4400	736
QUAL	0	281	12579	8236	4343	767
QUAL	0	282	12880	8475	4405	817
QUAL	0	283	12736	8365	4371	767
QUAL	0	284	12683	8437	4246	741
QUAL	0	285	12756	8414	4342	731
QUAL	0	286	12709	8392	4317	692
QUAL	0	287	12624	8330	4294	734
QUAL	0	288	12336	8084	4252	759
QUAL	0	289	12581	8131	4450	752
QUAL	0	290	12438	8221	4217	757
QUAL	0	291	12398	8081	4317	750
QUAL	0	292	12231	7977	4254	724
QUAL	0	293	12410	8103	4307	712
QUAL	0	294	12460	8175	4285	777
QUAL	0	295	12183	7988	4195	732
QUAL	0	296	12448	8172	4276	784
QUAL	0	297	12403	8061	4342	760
QUAL	0	298	12153	7989	4164	797
QUAL	0	299	12191	7991	4200	720
QUAL	0	300	12174	8072	4102	767
QUAL	0	301	12237	8046	4191	717
QUAL	0	302	12299	8064	4235	710
QUAL	0	303	12204	7994	4210	765
QUAL	0	304	12152	7917	4235	730
QUAL	0	305	12277	8042	4235	738
QUAL	0	306	12096	7906	4190	712
QUAL	0	307	11974	7892	4082	734
QUAL	0	308	12055	7938	4117	708
QUAL	0	309	11971	7907	4064	750
QUAL	0	310	11894	7882	4012	713
QUAL	0	311	11974	7885	4089	719
QUAL	0	312	11838	7832	4006	711
QUAL	0	313	11695	7624	4071	705
QUAL	0	314	11911	7786	4125	713
QUAL	0	315	11772	7643	4129	745
QUAL	0	316	11622	7681	3941	768
QUAL	0	317	11768	7772	3996	774
QUAL	0	318	11653	7610	4043	776
QUAL	0	319	11735	7603	4132	695
QUAL	0	320	11333	7396	3937	735
QUAL	0	321	11690	7637	4053	737
QUAL	0	322	11590	7593	3997	717
QUAL	0	323	11434	7471	3963	745
QUAL	0	324	11527	7572	3955	722
QUAL	0	325	11541	7563	3978	659
QUAL	0	326	11430	7399	4031	683
QUAL	0	327	11420	7414	4006	798
QUAL	0	328	11359	7496	3863	769
QUAL	0	329	11379	7458	3921	707
QUAL	0	330	11352	7455	3897	796
QUAL	0	331	11212	7259	3953	708
QUAL	0	332	11344	7473	3871	723
QUAL	0	333	11090	7319	3771	747
QUAL	0	334	11135	7271	3864	726
QUAL	0	335	11268	7444	3824	741
QUAL	0	336	11260	7357	3903	690
QUAL	0	337	11027	7233	3794	733
QUAL	0	338	11283	7506	3777	709
QUAL	0	339	11098	7196	3902	686
QUAL	0	340	10992	7262	3730	736
QUAL	0	341	10879	7086	3793	703
QUAL	0	342	10971	7237	3734	706
QUAL	0	343	11042	7214	3828	730
QUAL	0	344	11007	7239	3768	694
QUAL	0	345	10929	7158	3771	681
QUAL	0	346	10781	7120	3661	737
QUAL	0	347	10832	7126	3706	668
QUAL	0	348	10973	7167	3806	731
QUAL	0	349	10703	7040	3663	685
QUAL	0	350	10775	7054	3721	673
QUAL	0	351	10640	6901	3739	724
QUAL	0	352	10929	7239	3690	689
QUAL	0	353	10803	7104	3699	689
QUAL	0	354	10735	7099	3636	701
QUAL	0	355	10645	6974	3671	719
QUAL	0	356	10730	7019	3711	692
QUAL	0	357	10495	6899	3596	734
QUAL	0	358	10471	6839	3632	728
QUAL	0	359	10689	6972	3717	698
QUAL	0	360	10527	6809	3718	711
QUAL	0	361	10420	6889	3531	693
QUAL	0	362	10462	6787	3675	741
QUAL	0	363	10519	6798	3721	698
QUAL	0	364	10443	6808	3635	716
QUAL	0	365	10299	6678	3621	667
QUAL	0	366	10474	6867	3607	732
QUAL	0	367	10323	6737	3586	663
QUAL	0	368	10311	6680	3631	671
QUAL	0	369	10204	6692	3512	694
QUAL	0	370	10203	6680	3523	698
QUAL	0	371	10260	6705	3555	701
QUAL	0	372	10220	6726	3494	738
QUAL	0	373	10243	6746	3497	691
QUAL	0	374	10303	6700	3603	758
QUAL	0	375	10164	6606	3558	708
QUAL	0	376	10545	6902	3643	680
QUAL	0	377	10151	6656	3495	669
QUAL	0	378	10110	6586	3524	666
QUAL	0	379	10082	6633	3449	690
QUAL	0	380	9949	6533	3416	680
QUAL	0	381	10035	6637	3398	708
QUAL	0	382	10039	6548	3491	688
QUAL	0	383	9974	6604	3370	699
QUAL	0	384	9971	6559	3412	697
QUAL	0	385	9976	6578	3398	733
QUAL	0	386	10015	6516	3499	696
QUAL	0	387	9836	6434	3402	699
QUAL	0	388	10018	6487	3531	698
QUAL	0	389	9810	6383	3427	712
QUAL	0	390	9783	6379	3404	630
QUAL	0	391	9826	6372	3454	675
QUAL	0	392	9691	6259	3432	706
QUAL	0	393	9658	6355	3303	707
QUAL	0	394	9678	6415	3263	693
QUAL	0	395	9687	6358	3329	677
QUAL	0	396	9687	6314	3373	664
QUAL	0	397	9672	6340	3332	631
QUAL	0	398	9901	6507	3394	639
QUAL	0	399	9730	6424	3306	694
QUAL	0	400	9583	6296	3287	658
QUAL	0	401	9576	6235	3341	706
QUAL	0	402	9633	6342	3291	642
QUAL	0	403	10279	6719	3560	710
QUAL	0	404	9807	6432	3375	690
QUAL	0	405	9617	6329	3288	702
QUAL	0	406	9483	6241	3242	677
QUAL	0	407	9334	6152	3182	651
QUAL	0	408	9597	6247	3350	735
QUAL	0	409	9573	6266	3307	687
QUAL	0	410	9369	6163	3206	704
QUAL	0	411	9303	6136	3167	648
QUAL	0	412	9501	6252	3249	705
QUAL	0	413	9410	6200	3210	707
QUAL	0	414	9231	6064	3167	723
QUAL	0	415	9357	6094	3263	714
QUAL	0	416	9301	6099	3202	653
QUAL	0	417	9329	6132	3197	689
QUAL	0	418	9349	6129	3220	674
QUAL	0	419	9195	5987	3208	662
QUAL	0	420	9322	6084	3238	650
QUAL	0	421	9284	6147	3137	658
QUAL	0	422	9198	6015	3183	689
QUAL	0	423	9140	5953	3187	641
QUAL	0	424	9388	6144	3244	696
QUAL	0	425	9061	5980	3081	653
QUAL	0	426	9049	5851	3198	679
QUAL	0	427	9184	6070	3114	647
QUAL	0	428	9036	5963	3073	646
QUAL	0	429	9060	5880	3180	661
QUAL	0	430	9128	5979	3149	660
QUAL	0	431	8977	5877	3100	801
QUAL	0	432	9672	6281	3391	4588
QUAL	0	433	9100	5977	3123	1088
QUAL	0	434	9038	5943	3095	654
QUAL	0	435	9058	5915	3143	598
QUAL	0	436	9042	5993	3049	661
QUAL	0	437	8939	5911	3028	568
QUAL	0	438	8965	5850	3115	659
QUAL	0	439	9052	5886	3166	630
QUAL	0	440	8887	5793	3094	627
QUAL	0	441	8769	5856	2913	599
QUAL	0	442	8801	5781	3020	608
QUAL	0	443	8953	5862	3091	557
QUAL	0	444	8817	5862	2955	615
QUAL	0	445	8830	5816	3014	575
QUAL	0	446	8763	5725	3038	605
QUAL	0	447	8940	5908	3032	563
QUAL	0	448	8937	5843	3094	623
QUAL	0	449	8849	5790	3059	606
QUAL	0	450	8826	5795	3031	633
QUAL	0	451	8730	5573	3157	603
QUAL	0	452	8760	5713	3047	586
QUAL	0	453	8866	5794	3072	651
QUAL	0	454	8726	5721	3005	623
QUAL	0	455	8720	5700	3020	612
QUAL	0	456	8820	5706	3114	564
QUAL	0	457	8597	5650	2947	608
QUAL	0	458	8849	5827	3022	558
QUAL	0	459	8690	5713	2977	586
QUAL	0	460	8592	5599	2993	639
QUAL	0	461	8607	5570	3037	600
QUAL	0	462	8672	5704	2968	637
QUAL	0	463	8625	5704	2921	622
QUAL	0	464	8679	5708	2971	645
QUAL	0	465	8529	5612	2917	591
QUAL	0	466	8654	5771	2883	605
QUAL	0	467	8664	5749	2915	585
QUAL	0	468	8521	5593	2928	579
QUAL	0	469	8452	5527	2925	586
QUAL	0	470	8512	5668	2844	609
QUAL	0	471	8677	5710	2967	616
QUAL	0	472	8564	5678	2886	555
QUAL	0	473	8485	5565	2920	598
QUAL	0	474	8660	5648	3012	611
QUAL	0	475	8401	5557	2844	590
QUAL	0	476	8452	5526	2926	628
QUAL	0	477	8508	5486	3022	621
QUAL	0	478	8259	5416	2843	580
QUAL	0	479	8422	5478	2944	555
QUAL	0	480	8361	5529	2832	565
QUAL	0	481	8403	5537	2866	623
QUAL	0	482	8521	5574	2947	565
QUAL	0	483	8334	5544	2790	568
QUAL	0	484	8234	5398	2836	538
QUAL	0	485	8304	5436	2868	624
QUAL	0	486	8310	5518	2792	550
QUAL	0	487	8266	5411	2855	586
QUAL	0	488	8335	5453	2882	607
QUAL	0	489	8305	5495	2810	549
QUAL	0	490	8373	5516	2857	624
QUAL	0	491	8257	5436	2821	597
QUAL	0	492	8253	5422	2831	600
QUAL	0	493	8347	5470	2877	574
QUAL	0	494	8161	5314	2847	566
QUAL	0	495	8114	5383	2731	563
QUAL	0	496	8123	5272	2851	617
QUAL	0	497	8237	5331	2906	593
QUAL	0	498	8166	5447	2719	585
QUAL	0	499	8053	5310	2743	611
QUAL	0	500	8066	5215	2851	543
QUAL	0	501	8351	5495	2856	568
QUAL	0	502	8208	5366	2842	606
QUAL	0	503	8061	5310	2751	575
QUAL	0	504	8245	5389	2856	581
QUAL	0	505	8076	5270	2806	606
QUAL	0	506	7970	5200	2770	547
QUAL	0	507	8080	5310	2770	590
QUAL	0	508	7860	5047	2813	547
QUAL	0	509	8098	5302	2796	572
QUAL	0	510	8082	5291	2791	589
QUAL	0	511	7985	5259	2726	579
QUAL	0	512	8032	5216	2816	556
QUAL	0	513	8150	5330	2820	626
QUAL	0	514	7804	5118	2686	605
QUAL	0	515	7957	5232	2725	620
QUAL	0	516	7886	5180	2706	580
QUAL	0	517	7892	5160	2732	589
QUAL	0	518	8030	5217	2813	567
QUAL	0	519	7918	5225	2693	581
QUAL	0	520	7938	5270	2668	532
QUAL	0	521	7746	5036	2710	593
QUAL	0	522	7890	5197	2693	543
QUAL	0	523	7826	5248	2578	579
QUAL	0	524	7783	5143	2640	555
QUAL	0	525	7739	5031	2708	559
QUAL	0	526	7843	5136	2707	569
QUAL	0	527	7813	5118	2695	568
QUAL	0	528	7739	5112	2627	569
QUAL	0	529	7928	5192	2736	537
QUAL	0	530	7747	5052	2695	603
QUAL	0	531	7798	5108	2690	513
QUAL	0	532	7680	5045	2635	562
QUAL	0	533	7756	5136	2620	588
QUAL	0	534	7807	5143	2664	567
QUAL	0	535	7727	5070	2657	575
QUAL	0	536	7609	5041	2568	593
QUAL	0	537	7734	5068	2666	547
QUAL	0	538	7674	5099	2575	541
QUAL	0	539	7732	5219	2513	565
QUAL	0	540	7540	5011	2529	559
QUAL	0	541	7707	5059	2648	598
QUAL	0	542	7558	4918	2640	556
QUAL	0	543	7668	5040	2628	527
QUAL	0	544	7544	4903	2641	587
QUAL	0	545	7523	4933	2590	536
QUAL	0	546	7682	5004	2678	552
QUAL	0	547	7550	5032	2518	628
QUAL	0	548	7591	4970	2621	551
QUAL	0	549	7547	4948	2599	554
QUAL	0	550	7441	4980	2461	540
QUAL	0	551	7748	5043	2705	506
QUAL	0	552	7525	4943	2582	531
QUAL	0	553	7439	4873	2566	598
QUAL	0	554	7602	4980	2622	545
QUAL	0	555	7526	4969	2557	528
QUAL	0	556	7651	5050	2601	538
QUAL	0	557	7299	4863	2436	500
QUAL	0	558	7260	4741	2519	562
QUAL	0	559	7483	4956	2527	592
QUAL	0	560	7487	4906	2581	569
QUAL	0	561	7450	4904	2546	562
QUAL	0	562	7390	4784	2606	558
QUAL	0	563	7493	4957	2536	542
QUAL	0	564	7338	4902	2436	546
QUAL	0	565	7219	4699	2520	548
QUAL	0	566	7391	4850	2541	597
QUAL	0	567	7248	4692	2556	539
QUAL	0	568	7501	4934	2567	542
QUAL	0	569	7297	4807	2490	542
QUAL	0	570	7416	4879	2537	560
QUAL	0	571	7273	4770	2503	591
QUAL	0	572	7149	4698	2451	529
QUAL	0	573	7207	4766	2441	536
QUAL	0	574	7377	4846	2531	514
QUAL	0	575	7159	4643	2516	538
QUAL	0	576	7275	4807	2468	545
QUAL	0	577	7271	4773	2498	527
QUAL	0	578	7343	4788	2555	516
QUAL	0	579	7326	4854	2472	480
QUAL	0	580	7299	4782	2517	496
QUAL	0	581	7122	4731	2391	538
QUAL	0	582	7223	4723	2500	636
QUAL	0	583	7063	4674	2389	523
QUAL	0	584	7097	4626	2471	561
QUAL	0	585	7258	4810	2448	542
QUAL	0	586	7098	4661	2437	561
QUAL	0	587	7128	4625	2503	573
QUAL	0	588	7074	4624	2450	513
QUAL	0	589	7190	4708	2482	498
QUAL	0	590	7011	4587	2424	535
QUAL	0	591	7036	4732	2304	528
QUAL	0	592	7160	4729	2431	553
QUAL	0	593	7101	4665	2436	549
QUAL	0	594	7049	4636	2413	556
QUAL	0	595	7103	4676	2427	579
QUAL	0	596	6959	4525	2434	537
QUAL	0	597	6875	4546	2329	552
QUAL	0	598	6953	4633	2320	550
QUAL	0	599	7095	4708	2387	562
QUAL	0	600	6854	4549	2305	511
QUAL	0	601	6756	4469	2287	547
QUAL	0	602	6927	4527	2400	500
QUAL	0	603	7010	4642	2368	535
QUAL	0	604	6926	4614	2312	506
QUAL	0	605	6858	4493	2365	483
QUAL	0	606	6913	4501	2412	576
QUAL	0	607	6904	4533	2371	535
QUAL	0	608	6935	4568	2367	479
QUAL	0	609	6969	4529	2440	519
QUAL	0	610	7289	4749	2540	480
QUAL	0	611	6934	4541	2393	463
QUAL	0	612	6682	4357	2325	511
QUAL	0	613	6767	4486	2281	530
QUAL	0	614	6760	4487	2273	512
QUAL	0	615	6787	4467	2320	549
QUAL	0	616	6745	4394	2351	474
QUAL	0	617	6928	4462	2466	501
QUAL	0	618	6797	4500	2297	541
QUAL	0	619	6717	4399	2318	557
QUAL	0	620	6630	4375	2255	520
QUAL	0	621	6643	4411	2232	507
QUAL	0	622	6798	4510	2288	525
QUAL	0	623	6790	4473	2317	464
QUAL	0	624	6637	4322	2315	515
QUAL	0	625	6792	4513	2279	513
QUAL	0	626	6751	4391	2360	511
QUAL	0	627	6853	4485	2368	557
QUAL	0	628	6813	4470	2343	500
QUAL	0	629	6686	4450	2236	497
QUAL	0	630	6683	4312	2371	524
QUAL	0	631	6784	4422	2362	548
QUAL	0	632	6780	4432	2348	514
QUAL	0	633	6553	4316	2237	530
QUAL	0	634	6519	4222	2297	509
QUAL	0	635	6706	4391	2315	515
QUAL	0	636	6661	4310	2351	574
QUAL	0	637	6571	4347	2224	544
QUAL	0	638	6698	4446	2252	540
QUAL	0	639	6664	4392	2272	497
QUAL	0	640	6581	4319	2262	532
QUAL	0	641	6699	4353	2346	511
QUAL	0	642	6676	4395	2281	475
QUAL	0	643	6652	4379	2273	541
QUAL	0	644	6496	4318	2178	453
QUAL	0	645	6517	4297	2220	502
QUAL	0	646	6654	4357	2297	527
QUAL	0	647	6591	4314	2277	541
QUAL	0	648	6554	4306	2248	511
QUAL	0	649	6527	4286	2241	515
QUAL	0	650	6551	4273	2278	568
QUAL	0	651	6575	4332	2243	509
QUAL	0	652	6431	4277	2154	499
QUAL	0	653	6520	4357	2163	483
QUAL	0	654	6427	4228	2199	510
QUAL	0	655	6403	4205	2198	555
QUAL	0	656	6498	4251	2247	517
QUAL	0	657	6444	4200	2244	505
QUAL	0	658	6513	4254	2259	521
QUAL	0	659	6540	4273	2267	530
QUAL	0	660	6433	4195	2238	485
QUAL	0	661	6303	4133	2170	514
QUAL	0	662	6511	4276	2235	526
QUAL	0	663	6396	4210	2186	634
QUAL	0	664	6474	4221	2253	2052
QUAL	0	665	6466	4251	2215	536
QUAL	0	666	6405	4244	2161	471
QUAL	0	667	6314	4144	2170	444
QUAL	0	668	6278	4139	2139	486
QUAL	0	669	6466	4306	2160	469
QUAL	0	670	6404	4135	2269	480
QUAL	0	671	6341	4152	2189	495
QUAL	0	672	6507	4202	2305	434
QUAL	0	673	6527	4294	2233	478
QUAL	0	674	6374	4152	2222	458
QUAL	0	675	6294	4161	2133	444
QUAL	0	676	6353	4156	2197	422
QUAL	0	677	6293	4105	2188	445
QUAL	0	678	6303	4150	2153	460
QUAL	0	679	6214	4048	2166	447
QUAL	0	680	6239	4065	2174	465
QUAL	0	681	6107	4099	2008	447
QUAL	0	682	6367	4105	2262	433
QUAL	0	683	6178	3991	2187	463
QUAL	0	684	6298	4149	2149	472
QUAL	0	685	6358	4122	2236	467
QUAL	0	686	6270	4128	2142	464
QUAL	0	687	6292	4044	2248	475
QUAL	0	688	6261	4151	2110	467
QUAL	0	689	6233	4104	2129	442
QUAL	0	690	6313	4181	2132	466
QUAL	0	691	6325	4113	2212	466
QUAL	0	692	6140	4032	2108	407
QUAL	0	693	6195	4101	2094	454
QUAL	0	694	6185	4053	2132	467
QUAL	0	695	6242	4121	2121	430
QUAL	0	696	6154	4066	2088	434
QUAL	0	697	6117	4036	2081	448
QUAL	0	698	6214	4073	2141	457
QUAL	0	699	6270	4138	2132	453
QUAL	0	700	6236	4054	2182	426
QUAL	0	701	6146	4048	2098	418
QUAL	0	702	6123	4088	2035	443
QUAL	0	703	6221	4114	2107	443
QUAL	0	704	6207	4062	2145	438
QUAL	0	705	6192	4004	2188	453
QUAL	0	706	6240	4045	2195	460
QUAL	0	707	6114	4016	2098	424
QUAL	0	708	6061	3985	2076	450
QUAL	0	709	5945	3915	2030	465
QUAL	0	710	6041	3999	2042	452
QUAL	0	711	6069	4009	2060	395
QUAL	0	712	6107	4078	2029	469
QUAL	0	713	6004	3927	2077	442
QUAL	0	714	6164	4002	2162	450
QUAL	0	715	5949	3912	2037	418
QUAL	0	716	6059	4012	2047	427
QUAL	0	717	6046	3947	2099	459
QUAL	0	718	6037	3909	2128	438
QUAL	0	719	6075	4023	2052	463
QUAL	0	720	6020	3938	2082	465
QUAL	0	721	6018	3895	2123	444
QUAL	0	722	5991	3887	2104	421
QUAL	0	723	6015	4036	1979	447
QUAL	0	724	6002	3889	2113	467
QUAL	0	725	5996	3971	2025	425
QUAL	0	726	5957	3900	2057	427
QUAL	0	727	6025	3960	2065	421
QUAL	0	728	6017	3981	2036	445
QUAL	0	729	5952	3928	2024	427
QUAL	0	730	5817	3841	1976	480
QUAL	0	731	5997	3962	2035	434
QUAL	0	732	6059	3926	2133	478
QUAL	0	733	6068	3968	2100	447
QUAL	0	734	5940	3899	2041	399
QUAL	0	735	5881	3806	2075	456
QUAL	0	736	5910	3870	2040	401
QUAL	0	737	5813	3829	1984	465
QUAL	0	738	5947	3925	2022	399
QUAL	0	739	5903	3783	2120	467
QUAL	0	740	5902	3890	2012	451
QUAL	0	741	5780	3788	1992	461
QUAL	0	742	5972	3948	2024	457
QUAL	0	743	5856	3830	2026	419
QUAL	0	744	5781	3816	1965	431
QUAL	0	745	5785	3816	1969	420
QUAL	0	746	5813	3848	1965	422
QUAL	0	747	5841	3851	1990	415
QUAL	0	748	5909	3844	2065	408
QUAL	0	749	5894	3877	2017	436
QUAL	0	750	5802	3890	1912	407
QUAL	0	751	5653	3685	1968	419
QUAL	0	752	5766	3747	2019	434
QUAL	0	753	5715	3768	1947	446
QUAL	0	754	5814	3827	1987	480
QUAL	0	755	5688	3792	1896	433
QUAL	0	756	5758	3745	2013	418
QUAL	0	757	5829	3831	1998	395
QUAL	0	758	5832	3798	2034	457
QUAL	0	759	5819	3819	2000	406
QUAL	0	760	5807	3847	1960	397
QUAL	0	761	5762	3793	1969	453
QUAL	0	762	5685	3745	1940	445
QUAL	0	763	5741	3801	1940	439
QUAL	0	764	5539	3606	1933	487
QUAL	0	765	5739	3742	1997	404
QUAL	0	766	5678	3659	2019	454
QUAL	0	767	5574	3624	1950	418
QUAL	0	768	5657	3716	1941	407
QUAL	0	769	5659	3719	1940	458
QUAL	0	770	5700	3776	1924	401
QUAL	0	771	5832	3789	2043	418
QUAL	0	772	5696	3792	1904	405
QUAL	0	773	5654	3683	1971	419
QUAL	0	774	5780	3835	1945	422
QUAL	0	775	5593	3687	1906	455
QUAL	0	776	5724	3771	1953	423
QUAL	0	777	5830	3847	1983	448
QUAL	0	778	5675	3765	1910	445
QUAL	0	779	5620	3692	1928	399
QUAL	0	780	5626	3739	1887	414
QUAL	0	781	5772	3787	1985	446
QUAL	0	782	5637	3699	1938	387
QUAL	0	783	5719	3765	1954	397
QUAL	0	784	5804	3789	2015	446
QUAL	0	785	5656	3700	1956	436
QUAL	0	786	5635	3728	1907	413
QUAL	0	787	5545	3658	1887	443
QUAL	0	788	5674	3791	1883	434
QUAL	0	789	5571	3633	1938	396
QUAL	0	790	5480	3596	1884	412
QUAL	0	791	5479	3595	1884	414
QUAL	0	792	5443	3672	1771	395
QUAL	0	793	5604	3635	1969	436
QUAL	0	794	5468	3552	1916	428
QUAL	0	795	5775	3816	1959	398
QUAL	0	796	5422	3560	1862	422
QUAL	0	797	5580	3650	1930	411
QUAL	0	798	5540	3591	1949	415
QUAL	0	799	5523	3556	1967	388
QUAL	0	800	5546	3705	1841	392
QUAL	0	801	5472	3611	1861	426
QUAL	0	802	5424	3615	1809	422
QUAL	0	803	5498	3633	1865	401
QUAL	0	804	5526	3597	1929	412
QUAL	0	805	5405	3567	1838	428
QUAL	0	806	5480	3664	1816	404
QUAL	0	807	5341	3525	1816	414
QUAL	0	808	5521	3603	1918	393
QUAL	0	809	5267	3439	1828	421
QUAL	0	810	5466	3603	1863	407
QUAL	0	811	5264	3423	1841	405
QUAL	0	812	5452	3593	1859	412
QUAL	0	813	5341	3539	1802	413
QUAL	0	814	5501	3540	1961	401
QUAL	0	815	5245	3444	1801	398
QUAL	0	816	5402	3577	1825	401
QUAL	0	817	5402	3533	1869	423
QUAL	0	818	5467	3610	1857	415
QUAL	0	819	5302	3511	1791	416
QUAL	0	820	5375	3522	1853	384
QUAL	0	821	5381	3549	1832	407
QUAL	0	822	5366	3567	1799	431
QUAL	0	823	5451	3604	1847	414
QUAL	0	824	5380	3550	1830	392
QUAL	0	825	5242	3412	1830	422
QUAL	0	826	5437	3559	1878	420
QUAL	0	827	5337	3551	1786	397
QUAL	0	828	5328	3535	1793	363
QUAL	0	829	5144	3396	1748	391
QUAL	0	830	5345	3568	1777	387
QUAL	0	831	5169	3361	1808	419
QUAL	0	832	5332	3539	1793	428
QUAL	0	833	5342	3533	1809	399
QUAL	0	834	5426	3593	1833	430
QUAL	0	835	5196	3410	1786	405
QUAL	0	836	5319	3484	1835	420
QUAL	0	837	5181	3348	1833	417
QUAL	0	838	5320	3445	1875	379
QUAL	0	839	5313	3500	1813	413
QUAL	0	840	5238	3476	1762	451
QUAL	0	841	5319	3502	1817	387
QUAL	0	842	5416	3551	1865	407
QUAL	0	843	5397	3565	1832	422
QUAL	0	844	5246	3469	1777	406
QUAL	0	845	5334	3518	1816	392
QUAL	0	846	5217	3421	1796	397
QUAL	0	847	5110	3424	1686	383
QUAL	0	848	5208	3423	1785	384
QUAL	0	849	5356	3542	1814	391
QUAL	0	850	5328	3513	1815	368
QUAL	0	851	5217	3464	1753	395
QUAL	0	852	5211	3421	1790	385
QUAL	0	853	5135	3457	1678	392
QUAL	0	854	5040	3320	1720	389
QUAL	0	855	5284	3423	1861	406
QUAL	0	856	5265	3499	1766	405
QUAL	0	857	5161	3469	1692	394
QUAL	0	858	5149	3370	1779	380
QUAL	0	859	5222	3465	1757	420
QUAL	0	860	5197	3412	1785	379
QUAL	0	861	5306	3510	1796	401
QUAL	0	862	5248	3442	1806	371
QUAL	0	863	5088	3343	1745	431
QUAL	0	864	5193	3405	1788	395
QUAL	0	865	5261	3478	1783	399
QUAL	0	866	5061	3339	1722	373
QUAL	0	867	5145	3350	1795	383
QUAL	0	868	5156	3447	1709	416
QUAL	0	869	5038	3319	1719	365
QUAL	0	870	5170	3404	1766	431
QUAL	0	871	5272	3454	1818	443
QUAL	0	872	5048	3307	1741	422
QUAL	0	873	5120	3350	1770	447
QUAL	0	874	5209	3440	1769	451
QUAL	0	875	5142	3373	1769	397
QUAL	0	876	4998	3286	1712	398
QUAL	0	877	5096	3388	1708	358
QUAL	0	878	5183	3455	1728	380
QUAL	0	879	5216	3450	1766	368
QUAL	0	880	5007	3279	1728	402
QUAL	0	881	5034	3264	1770	385
QUAL	0	882	4969	3319	1650	373
QUAL	0	883	4942	3263	1679	384
QUAL	0	884	4978	3268	1710	361
QUAL	0	885	5090	3345	1745	399
QUAL	0	886	5203	3470	1733	349
QUAL	0	887	5126	3419	1707	379
QUAL	0	888	5141	3382	1759	398
QUAL	0	889	5045	3345	1700	410
QUAL	0	890	5014	3335	1679	392
QUAL	0	891	4984	3236	1748	384
QUAL	0	892	4806	3192	1614	382
QUAL	0	893	4970	3283	1687	399
QUAL	0	894	4971	3257	1714	379
QUAL	0	895	4998	3334	1664	371
QUAL	0	896	5061	3333	1728	401
QUAL	0	897	5040	3294	1746	983
QUAL	0	898	5027	3319	1708	614
QUAL	0	899	5054	3341	1713	383
QUAL	0	900	4890	3220	1670	353
QUAL	0	901	4897	3207	1690	340
QUAL	0	902	5014	3276	1738	389
QUAL	0	903	5038	3316	1722	356
QUAL	0	904	4914	3229	1685	394
QUAL	0	905	4945	3287	1658	282
QUAL	0	906	4876	3254	1622	370
QUAL	0	907	5086	3310	1776	340
QUAL	0	908	4921	3241	1680	373
QUAL	0	909	4783	3144	1639	339
QUAL	0	910	4898	3183	1715	397
QUAL	0	911	4860	3171	1689	364
QUAL	0	912	4904	3217	1687	393
QUAL	0	913	4992	3351	1641	405
QUAL	0	914	4991	3226	1765	377
QUAL	0	915	4840	3156	1684	344
QUAL	0	916	4939	3211	1728	371
QUAL	0	917	4963	3287	1676	384
QUAL	0	918	4882	3172	1710	376
QUAL	0	919	4941	3314	1627	347
QUAL	0	920	4873	3205	1668	370
QUAL	0	921	4872	3220	1652	365
QUAL	0	922	4882	3184	1698	332
QUAL	0	923	4925	3256	1669	394
QUAL	0	924	4881	3255	1626	341
QUAL	0	925	4842	3208	1634	368
QUAL	0	926	4994	3300	1694	339
QUAL	0	927	4885	3148	1737	368
QUAL	0	928	4940	3248	1692	376
QUAL	0	929	4944	3274	1670	318
QUAL	0	930	4792	3174	1618	323
QUAL	0	931	4873	3207	1666	344
QUAL	0	932	4863	3165	1698	362
QUAL	0	933	4910	3243	1667	324
QUAL	0	934	4949	3246	1703	351
QUAL	0	935	4910	3241	1669	346
QUAL	0	936	4714	3101	1613	305
QUAL	0	937	4632	3037	1595	328
QUAL	0	938	4731	3096	1635	354
QUAL	0	939	4962	3260	1702	411
QUAL	0	940	4774	3160	1614	330
QUAL	0	941	4802	3196	1606	344
QUAL	0	942	4776	3153	1623	378
QUAL	0	943	4912	3240	1672	352
QUAL	0	944	4845	3235	1610	338
QUAL	0	945	4822	3212	1610	335
QUAL	0	946	4681	3106	1575	382
QUAL	0	947	4676	3019	1657	349
QUAL	0	948	4853	3148	1705	333
QUAL	0	949	4748	3153	1595	358
QUAL	0	950	4627	2995	1632	383
QUAL	0	951	4956	3259	1697	350
QUAL	0	952	4751	3110	1641	342
QUAL	0	953	4829	3270	1559	333
QUAL	0	954	4761	3125	1636	350
QUAL	0	955	4693	3093	1600	326
QUAL	0	956	4732	3120	1612	367
QUAL	0	957	4753	3137	1616	328
QUAL	0	958	4575	3024	1551	374
QUAL	0	959	4784	3090	1694	336
QUAL	0	960	4707	3122	1585	347
QUAL	0	961	4722	3060	1662	356
QUAL	0	962	4793	3134	1659	334
QUAL	0	963	4584	2997	1587	295
QUAL	0	964	4650	3061	1589	323
QUAL	0	965	4654	3098	1556	359
QUAL	0	966	4618	3052	1566	354
QUAL	0	967	4651	3112	1539	359
QUAL	0	968	4855	3159	1696	328
QUAL	0	969	4668	3063	1605	335
QUAL	0	970	4640	3054	1586	352
QUAL	0	971	4767	3227	1540	330
QUAL	0	972	4595	3005	1590	356
QUAL	0	973	4703	3071	1632	337
QUAL	0	974	4730	3092	1638	343
QUAL	0	975	4674	3065	1609	353
QUAL	0	976	4764	3106	1658	363
QUAL	0	977	4619	3042	1577	307
QUAL	0	978	4610	3035	1575	318
QUAL	0	979	4626	3019	1607	357
QUAL	0	980	4595	3082	1513	372
QUAL	0	981	4698	3133	1565	324
QUAL	0	982	4554	3004	1550	348
QUAL	0	983	4570	2978	1592	336
QUAL	0	984	4577	3033	1544	333
QUAL	0	985	4674	3127	1547	330
QUAL	0	986	4616	3039	1577	339
QUAL	0	987	4598	3067	1531	339
QUAL	0	988	4603	3011	1592	364
QUAL	0	989	4496	2980	1516	378
QUAL	0	990	4584	3031	1553	360
QUAL	0	991	4614	3059	1555	350
QUAL	0	992	4594	3009	1585	329
QUAL	0	993	4568	3025	1543	327
QUAL	0	994	4531	2971	1560	334
QUAL	0	995	4562	2991	1571	342
QUAL	0	996	4532	3018	1514	362
QUAL	0	997	4489	3008	1481	328
QUAL	0	998	18508748	12277244	6231504	1476988
# IDD, InDel distribution:
# IDD	[2]id	[3]length (deletions negative)	[4]count
IDD	0	-60	1235
IDD	0	-59	62
IDD	0	-58	86
IDD	0	-57	82
IDD	0	-56	108
IDD	0	-55	92
IDD	0	-54	158
IDD	0	-53	234
IDD	0	-52	304
IDD	0	-51	193
IDD	0	-50	198
IDD	0	-49	189
IDD	0	-48	257
IDD	0	-47	185
IDD	0	-46	235
IDD	0	-45	251
IDD	0	-44	386
IDD	0	-43	291
IDD	0	-42	444
IDD	0	-41	284
IDD	0	-40	560
IDD	0	-39	419
IDD	0	-38	614
IDD	0	-37	502
IDD	0	-36	920
IDD	0	-35	587
IDD	0	-34	801
IDD	0	-33	721
IDD	0	-32	1175
IDD	0	-31	849
IDD	0	-30	1529
IDD	0	-29	1071
IDD	0	-28	2076
IDD	0	-27	1523
IDD	0	-26	2468
IDD	0	-25	1896
IDD	0	-24	3899
IDD	0	-23	2417
IDD	0	-22	5082
IDD	0	-21	3393
IDD	0	-20	6376
IDD	0	-19	4419
IDD	0	-18	8182
IDD	0	-17	5880
IDD	0	-16	12751
IDD	0	-15	9434
IDD	0	-14	16263
IDD	0	-13	12724
IDD	0	-12	28347
IDD	0	-11	18034
IDD	0	-10	32805
IDD	0	-9	23723
IDD	0	-8	43507
IDD	0	-7	26897
IDD	0	-6	56621
IDD	0	-5	53010
IDD	0	-4	162417
IDD	0	-3	175411
IDD	0	-2	367104
IDD	0	-1	788923
IDD	0	1	584840
IDD	0	2	264933
IDD	0	3	101832
IDD	0	4	109395
IDD	0	5	34554
IDD	0	6	46564
IDD	0	7	17373
IDD	0	8	32154
IDD	0	9	12996
IDD	0	10	19830
IDD	0	11	8265
IDD	0	12	16875
IDD	0	13	5659
IDD	0	14	9117
IDD	0	15	4457
IDD	0	16	7502
IDD	0	17	2680
IDD	0	18	4720
IDD	0	19	2046
IDD	0	20	3948
IDD	0	21	1640
IDD	0	22	2316
IDD	0	23	1005
IDD	0	24	2296
IDD	0	25	854
IDD	0	26	1234
IDD	0	27	682
IDD	0	28	1106
IDD	0	29	483
IDD	0	30	766
IDD	0	31	333
IDD	0	32	651
IDD	0	33	342
IDD	0	34	411
IDD	0	35	272
IDD	0	36	468
IDD	0	37	216
IDD	0	38	222
IDD	0	39	169
IDD	0	40	273
IDD	0	41	117
IDD	0	42	167
IDD	0	43	81
IDD	0	44	148
IDD	0	45	103
IDD	0	46	76
IDD	0	47	48
IDD	0	48	100
IDD	0	49	40
IDD	0	50	49
IDD	0	51	48
IDD	0	52	89
IDD	0	53	70
IDD	0	54	59
IDD	0	55	32
IDD	0	56	60
IDD	0	57	25
IDD	0	58	37
IDD	0	59	20
IDD	0	60	926
# ST, Substitution types:
# ST	[2]id	[3]type	[4]count
ST	0	A>C	1315606
ST	0	A>G	4374692
ST	0	A>T	1125699
ST	0	C>A	1549015
ST	0	C>G	1459538
ST	0	C>T	5801523
ST	0	G>A	5813600
ST	0	G>C	1463764
ST	0	G>T	1549738
ST	0	T>A	1121039
ST	0	T>C	4359618
ST	0	T>G	1309671
# DP, Depth distribution
# DP	[2]id	[3]bin	[4]number of genotypes	[5]fraction of genotypes (%)	[6]number of sites	[7]fraction of sites (%)
DP	0	2	0	0.000000	1	0.000003
DP	0	3	0	0.000000	12	0.000037
DP	0	4	0	0.000000	42	0.000128
DP	0	5	0	0.000000	36	0.000110
DP	0	6	0	0.000000	38	0.000116
DP	0	7	0	0.000000	37	0.000113
DP	0	8	0	0.000000	32	0.000097
DP	0	9	0	0.000000	21	0.000064
DP	0	10	0	0.000000	38	0.000116
DP	0	11	0	0.000000	34	0.000104
DP	0	12	0	0.000000	46	0.000140
DP	0	13	0	0.000000	44	0.000134
DP	0	14	0	0.000000	38	0.000116
DP	0	15	0	0.000000	46	0.000140
DP	0	16	0	0.000000	53	0.000161
DP	0	17	0	0.000000	37	0.000113
DP	0	18	0	0.000000	46	0.000140
DP	0	19	0	0.000000	47	0.000143
DP	0	20	0	0.000000	47	0.000143
DP	0	21	0	0.000000	44	0.000134
DP	0	22	0	0.000000	59	0.000180
DP	0	23	0	0.000000	40	0.000122
DP	0	24	0	0.000000	38	0.000116
DP	0	25	0	0.000000	50	0.000152
DP	0	26	0	0.000000	52	0.000158
DP	0	27	0	0.000000	43	0.000131
DP	0	28	0	0.000000	49	0.000149
DP	0	29	0	0.000000	37	0.000113
DP	0	30	0	0.000000	51	0.000155
DP	0	31	0	0.000000	62	0.000189
DP	0	32	0	0.000000	56	0.000171
DP	0	33	0	0.000000	42	0.000128
DP	0	34	0	0.000000	61	0.000186
DP	0	35	0	0.000000	46	0.000140
DP	0	36	0	0.000000	44	0.000134
DP	0	37	0	0.000000	55	0.000168
DP	0	38	0	0.000000	61	0.000186
DP	0	39	0	0.000000	43	0.000131
DP	0	40	0	0.000000	62	0.000189
DP	0	41	0	0.000000	50	0.000152
DP	0	42	0	0.000000	63	0.000192
DP	0	43	0	0.000000	60	0.000183
DP	0	44	0	0.000000	57	0.000174
DP	0	45	0	0.000000	53	0.000161
DP	0	46	0	0.000000	55	0.000168
DP	0	47	0	0.000000	47	0.000143
DP	0	48	0	0.000000	39	0.000119
DP	0	49	0	0.000000	52	0.000158
DP	0	50	0	0.000000	54	0.000165
DP	0	51	0	0.000000	63	0.000192
DP	0	52	0	0.000000	37	0.000113
DP	0	53	0	0.000000	56	0.000171
DP	0	54	0	0.000000	51	0.000155
DP	0	55	0	0.000000	59	0.000180
DP	0	56	0	0.000000	46	0.000140
DP	0	57	0	0.000000	48	0.000146
DP	0	58	0	0.000000	40	0.000122
DP	0	59	0	0.000000	49	0.000149
DP	0	60	0	0.000000	48	0.000146
DP	0	61	0	0.000000	57	0.000174
DP	0	62	0	0.000000	43	0.000131
DP	0	63	0	0.000000	55	0.000168
DP	0	64	0	0.000000	67	0.000204
DP	0	65	0	0.000000	55	0.000168
DP	0	66	0	0.000000	53	0.000161
DP	0	67	0	0.000000	46	0.000140
DP	0	68	0	0.000000	45	0.000137
DP	0	69	0	0.000000	65	0.000198
DP	0	70	0	0.000000	51	0.000155
DP	0	71	0	0.000000	44	0.000134
DP	0	72	0	0.000000	48	0.000146
DP	0	73	0	0.000000	49	0.000149
DP	0	74	0	0.000000	43	0.000131
DP	0	75	0	0.000000	52	0.000158
DP	0	76	0	0.000000	44	0.000134
DP	0	77	0	0.000000	52	0.000158
DP	0	78	0	0.000000	42	0.000128
DP	0	79	0	0.000000	58	0.000177
DP	0	80	0	0.000000	49	0.000149
DP	0	81	0	0.000000	53	0.000161
DP	0	82	0	0.000000	50	0.000152
DP	0	83	0	0.000000	55	0.000168
DP	0	84	0	0.000000	55	0.000168
DP	0	85	0	0.000000	52	0.000158
DP	0	86	0	0.000000	49	0.000149
DP	0	87	0	0.000000	52	0.000158
DP	0	88	0	0.000000	44	0.000134
DP	0	89	0	0.000000	52	0.000158
DP	0	90	0	0.000000	54	0.000165
DP	0	91	0	0.000000	50	0.000152
DP	0	92	0	0.000000	47	0.000143
DP	0	93	0	0.000000	37	0.000113
DP	0	94	0	0.000000	49	0.000149
DP	0	95	0	0.000000	59	0.000180
DP	0	96	0	0.000000	54	0.000165
DP	0	97	0	0.000000	64	0.000195
DP	0	98	0	0.000000	52	0.000158
DP	0	99	0	0.000000	36	0.000110
DP	0	100	0	0.000000	51	0.000155
DP	0	101	0	0.000000	50	0.000152
DP	0	102	0	0.000000	48	0.000146
DP	0	103	0	0.000000	59	0.000180
DP	0	104	0	0.000000	48	0.000146
DP	0	105	0	0.000000	54	0.000165
DP	0	106	0	0.000000	61	0.000186
DP	0	107	0	0.000000	58	0.000177
DP	0	108	0	0.000000	59	0.000180
DP	0	109	0	0.000000	49	0.000149
DP	0	110	0	0.000000	49	0.000149
DP	0	111	0	0.000000	56	0.000171
DP	0	112	0	0.000000	55	0.000168
DP	0	113	0	0.000000	53	0.000161
DP	0	114	0	0.000000	50	0.000152
DP	0	115	0	0.000000	47	0.000143
DP	0	116	0	0.000000	50	0.000152
DP	0	117	0	0.000000	60	0.000183
DP	0	118	0	0.000000	63	0.000192
DP	0	119	0	0.000000	48	0.000146
DP	0	120	0	0.000000	47	0.000143
DP	0	121	0	0.000000	52	0.000158
DP	0	122	0	0.000000	58	0.000177
DP	0	123	0	0.000000	48	0.000146
DP	0	124	0	0.000000	48	0.000146
DP	0	125	0	0.000000	47	0.000143
DP	0	126	0	0.000000	43	0.000131
DP	0	127	0	0.000000	46	0.000140
DP	0	128	0	0.000000	41	0.000125
DP	0	129	0	0.000000	43	0.000131
DP	0	130	0	0.000000	39	0.000119
DP	0	131	0	0.000000	59	0.000180
DP	0	132	0	0.000000	55	0.000168
DP	0	133	0	0.000000	49	0.000149
DP	0	134	0	0.000000	58	0.000177
DP	0	135	0	0.000000	53	0.000161
DP	0	136	0	0.000000	52	0.000158
DP	0	137	0	0.000000	54	0.000165
DP	0	138	0	0.000000	51	0.000155
DP	0	139	0	0.000000	36	0.000110
DP	0	140	0	0.000000	58	0.000177
DP	0	141	0	0.000000	48	0.000146
DP	0	142	0	0.000000	39	0.000119
DP	0	143	0	0.000000	50	0.000152
DP	0	144	0	0.000000	42	0.000128
DP	0	145	0	0.000000	56	0.000171
DP	0	146	0	0.000000	42	0.000128
DP	0	147	0	0.000000	39	0.000119
DP	0	148	0	0.000000	50	0.000152
DP	0	149	0	0.000000	46	0.000140
DP	0	150	0	0.000000	48	0.000146
DP	0	151	0	0.000000	45	0.000137
DP	0	152	0	0.000000	45	0.000137
DP	0	153	0	0.000000	42	0.000128
DP	0	154	0	0.000000	54	0.000165
DP	0	155	0	0.000000	43	0.000131
DP	0	156	0	0.000000	34	0.000104
DP	0	157	0	0.000000	41	0.000125
DP	0	158	0	0.000000	48	0.000146
DP	0	159	0	0.000000	49	0.000149
DP	0	160	0	0.000000	39	0.000119
DP	0	161	0	0.000000	48	0.000146
DP	0	162	0	0.000000	56	0.000171
DP	0	163	0	0.000000	37	0.000113
DP	0	164	0	0.000000	54	0.000165
DP	0	165	0	0.000000	54	0.000165
DP	0	166	0	0.000000	45	0.000137
DP	0	167	0	0.000000	53	0.000161
DP	0	168	0	0.000000	42	0.000128
DP	0	169	0	0.000000	63	0.000192
DP	0	170	0	0.000000	40	0.000122
DP	0	171	0	0.000000	50	0.000152
DP	0	172	0	0.000000	36	0.000110
DP	0	173	0	0.000000	61	0.000186
DP	0	174	0	0.000000	43	0.000131
DP	0	175	0	0.000000	38	0.000116
DP	0	176	0	0.000000	50	0.000152
DP	0	177	0	0.000000	54	0.000165
DP	0	178	0	0.000000	60	0.000183
DP	0	179	0	0.000000	35	0.000107
DP	0	180	0	0.000000	40	0.000122
DP	0	181	0	0.000000	41	0.000125
DP	0	182	0	0.000000	44	0.000134
DP	0	183	0	0.000000	36	0.000110
DP	0	184	0	0.000000	62	0.000189
DP	0	185	0	0.000000	46	0.000140
DP	0	186	0	0.000000	48	0.000146
DP	0	187	0	0.000000	50	0.000152
DP	0	188	0	0.000000	43	0.000131
DP	0	189	0	0.000000	49	0.000149
DP	0	190	0	0.000000	48	0.000146
DP	0	191	0	0.000000	44	0.000134
DP	0	192	0	0.000000	43	0.000131
DP	0	193	0	0.000000	41	0.000125
DP	0	194	0	0.000000	50	0.000152
DP	0	195	0	0.000000	53	0.000161
DP	0	196	0	0.000000	49	0.000149
DP	0	197	0	0.000000	49	0.000149
DP	0	198	0	0.000000	38	0.000116
DP	0	199	0	0.000000	36	0.000110
DP	0	200	0	0.000000	54	0.000165
DP	0	201	0	0.000000	38	0.000116
DP	0	202	0	0.000000	47	0.000143
DP	0	203	0	0.000000	58	0.000177
DP	0	204	0	0.000000	40	0.000122
DP	0	205	0	0.000000	52	0.000158
DP	0	206	0	0.000000	46	0.000140
DP	0	207	0	0.000000	48	0.000146
DP	0	208	0	0.000000	45	0.000137
DP	0	209	0	0.000000	54	0.000165
DP	0	210	0	0.000000	40	0.000122
DP	0	211	0	0.000000	51	0.000155
DP	0	212	0	0.000000	40	0.000122
DP	0	213	0	0.000000	50	0.000152
DP	0	214	0	0.000000	43	0.000131
DP	0	215	0	0.000000	42	0.000128
DP	0	216	0	0.000000	56	0.000171
DP	0	217	0	0.000000	37	0.000113
DP	0	218	0	0.000000	63	0.000192
DP	0	219	0	0.000000	35	0.000107
DP	0	220	0	0.000000	60	0.000183
DP	0	221	0	0.000000	42	0.000128
DP	0	222	0	0.000000	54	0.000165
DP	0	223	0	0.000000	37	0.000113
DP	0	224	0	0.000000	44	0.000134
DP	0	225	0	0.000000	50	0.000152
DP	0	226	0	0.000000	51	0.000155
DP	0	227	0	0.000000	49	0.000149
DP	0	228	0	0.000000	40	0.000122
DP	0	229	0	0.000000	47	0.000143
DP	0	230	0	0.000000	52	0.000158
DP	0	231	0	0.000000	53	0.000161
DP	0	232	0	0.000000	48	0.000146
DP	0	233	0	0.000000	39	0.000119
DP	0	234	0	0.000000	45	0.000137
DP	0	235	0	0.000000	32	0.000097
DP	0	236	0	0.000000	52	0.000158
DP	0	237	0	0.000000	38	0.000116
DP	0	238	0	0.000000	57	0.000174
DP	0	239	0	0.000000	42	0.000128
DP	0	240	0	0.000000	42	0.000128
DP	0	241	0	0.000000	53	0.000161
DP	0	242	0	0.000000	50	0.000152
DP	0	243	0	0.000000	43	0.000131
DP	0	244	0	0.000000	53	0.000161
DP	0	245	0	0.000000	49	0.000149
DP	0	246	0	0.000000	48	0.000146
DP	0	247	0	0.000000	44	0.000134
DP	0	248	0	0.000000	34	0.000104
DP	0	249	0	0.000000	43	0.000131
DP	0	250	0	0.000000	49	0.000149
DP	0	251	0	0.000000	55	0.000168
DP	0	252	0	0.000000	55	0.000168
DP	0	253	0	0.000000	47	0.000143
DP	0	254	0	0.000000	33	0.000101
DP	0	255	0	0.000000	36	0.000110
DP	0	256	0	0.000000	39	0.000119
DP	0	257	0	0.000000	55	0.000168
DP	0	258	0	0.000000	51	0.000155
DP	0	259	0	0.000000	56	0.000171
DP	0	260	0	0.000000	37	0.000113
DP	0	261	0	0.000000	47	0.000143
DP	0	262	0	0.000000	44	0.000134
DP	0	263	0	0.000000	50	0.000152
DP	0	264	0	0.000000	42	0.000128
DP	0	265	0	0.000000	30	0.000091
DP	0	266	0	0.000000	52	0.000158
DP	0	267	0	0.000000	47	0.000143
DP	0	268	0	0.000000	61	0.000186
DP	0	269	0	0.000000	37	0.000113
DP	0	270	0	0.000000	48	0.000146
DP	0	271	0	0.000000	49	0.000149
DP	0	272	0	0.000000	42	0.000128
DP	0	273	0	0.000000	46	0.000140
DP	0	274	0	0.000000	51	0.000155
DP	0	275	0	0.000000	54	0.000165
DP	0	276	0	0.000000	44	0.000134
DP	0	277	0	0.000000	36	0.000110
DP	0	278	0	0.000000	45	0.000137
DP	0	279	0	0.000000	43	0.000131
DP	0	280	0	0.000000	38	0.000116
DP	0	281	0	0.000000	45	0.000137
DP	0	282	0	0.000000	47	0.000143
DP	0	283	0	0.000000	32	0.000097
DP	0	284	0	0.000000	31	0.000094
DP	0	285	0	0.000000	42	0.000128
DP	0	286	0	0.000000	43	0.000131
DP	0	287	0	0.000000	38	0.000116
DP	0	288	0	0.000000	35	0.000107
DP	0	289	0	0.000000	47	0.000143
DP	0	290	0	0.000000	40	0.000122
DP	0	291	0	0.000000	45	0.000137
DP	0	292	0	0.000000	39	0.000119
DP	0	293	0	0.000000	50	0.000152
DP	0	294	0	0.000000	47	0.000143
DP	0	295	0	0.000000	48	0.000146
DP	0	296	0	0.000000	56	0.000171
DP	0	297	0	0.000000	42	0.000128
DP	0	298	0	0.000000	40	0.000122
DP	0	299	0	0.000000	45	0.000137
DP	0	300	0	0.000000	53	0.000161
DP	0	301	0	0.000000	52	0.000158
DP	0	302	0	0.000000	37	0.000113
DP	0	303	0	0.000000	42	0.000128
DP	0	304	0	0.000000	35	0.000107
DP	0	305	0	0.000000	47	0.000143
DP	0	306	0	0.000000	37	0.000113
DP	0	307	0	0.000000	46	0.000140
DP	0	308	0	0.000000	44	0.000134
DP	0	309	0	0.000000	41	0.000125
DP	0	310	0	0.000000	44	0.000134
DP	0	311	0	0.000000	46	0.000140
DP	0	312	0	0.000000	47	0.000143
DP	0	313	0	0.000000	47	0.000143
DP	0	314	0	0.000000	40	0.000122
DP	0	315	0	0.000000	37	0.000113
DP	0	316	0	0.000000	55	0.000168
DP	0	317	0	0.000000	43	0.000131
DP	0	318	0	0.000000	40	0.000122
DP	0	319	0	0.000000	46	0.000140
DP	0	320	0	0.000000	34	0.000104
DP	0	321	0	0.000000	40	0.000122
DP	0	322	0	0.000000	47	0.000143
DP	0	323	0	0.000000	41	0.000125
DP	0	324	0	0.000000	39	0.000119
DP	0	325	0	0.000000	41	0.000125
DP	0	326	0	0.000000	34	0.000104
DP	0	327	0	0.000000	48	0.000146
DP	0	328	0	0.000000	45	0.000137
DP	0	329	0	0.000000	41	0.000125
DP	0	330	0	0.000000	44	0.000134
DP	0	331	0	0.000000	33	0.000101
DP	0	332	0	0.000000	46	0.000140
DP	0	333	0	0.000000	41	0.000125
DP	0	334	0	0.000000	45	0.000137
DP	0	335	0	0.000000	46	0.000140
DP	0	336	0	0.000000	43	0.000131
DP	0	337	0	0.000000	45	0.000137
DP	0	338	0	0.000000	29	0.000088
DP	0	339	0	0.000000	50	0.000152
DP	0	340	0	0.000000	53	0.000161
DP	0	341	0	0.000000	54	0.000165
DP	0	342	0	0.000000	44	0.000134
DP	0	343	0	0.000000	51	0.000155
DP	0	344	0	0.000000	43	0.000131
DP	0	345	0	0.000000	36	0.000110
DP	0	346	0	0.000000	49	0.000149
DP	0	347	0	0.000000	37	0.000113
DP	0	348	0	0.000000	31	0.000094
DP	0	349	0	0.000000	38	0.000116
DP	0	350	0	0.000000	48	0.000146
DP	0	351	0	0.000000	43	0.000131
DP	0	352	0	0.000000	41	0.000125
DP	0	353	0	0.000000	44	0.000134
DP	0	354	0	0.000000	53	0.000161
DP	0	355	0	0.000000	37	0.000113
DP	0	356	0	0.000000	53	0.000161
DP	0	357	0	0.000000	36	0.000110
DP	0	358	0	0.000000	39	0.000119
DP	0	359	0	0.000000	46	0.000140
DP	0	360	0	0.000000	33	0.000101
DP	0	361	0	0.000000	49	0.000149
DP	0	362	0	0.000000	39	0.000119
DP	0	363	0	0.000000	44	0.000134
DP	0	364	0	0.000000	36	0.000110
DP	0	365	0	0.000000	32	0.000097
DP	0	366	0	0.000000	40	0.000122
DP	0	367	0	0.000000	39	0.000119
DP	0	368	0	0.000000	44	0.000134
DP	0	369	0	0.000000	40	0.000122
DP	0	370	0	0.000000	39	0.000119
DP	0	371	0	0.000000	39	0.000119
DP	0	372	0	0.000000	39	0.000119
DP	0	373	0	0.000000	39	0.000119
DP	0	374	0	0.000000	46	0.000140
DP	0	375	0	0.000000	32	0.000097
DP	0	376	0	0.000000	49	0.000149
DP	0	377	0	0.000000	37	0.000113
DP	0	378	0	0.000000	49	0.000149
DP	0	379	0	0.000000	39	0.000119
DP	0	380	0	0.000000	54	0.000165
DP	0	381	0	0.000000	37	0.000113
DP	0	382	0	0.000000	37	0.000113
DP	0	383	0	0.000000	50	0.000152
DP	0	384	0	0.000000	40	0.000122
DP	0	385	0	0.000000	45	0.000137
DP	0	386	0	0.000000	34	0.000104
DP	0	387	0	0.000000	44	0.000134
DP	0	388	0	0.000000	41	0.000125
DP	0	389	0	0.000000	50	0.000152
DP	0	390	0	0.000000	43	0.000131
DP	0	391	0	0.000000	50	0.000152
DP	0	392	0	0.000000	34	0.000104
DP	0	393	0	0.000000	37	0.000113
DP	0	394	0	0.000000	46	0.000140
DP	0	395	0	0.000000	34	0.000104
DP	0	396	0	0.000000	36	0.000110
DP	0	397	0	0.000000	36	0.000110
DP	0	398	0	0.000000	34	0.000104
DP	0	399	0	0.000000	41	0.000125
DP	0	400	0	0.000000	46	0.000140
DP	0	401	0	0.000000	36	0.000110
DP	0	402	0	0.000000	45	0.000137
DP	0	403	0	0.000000	40	0.000122
DP	0	404	0	0.000000	30	0.000091
DP	0	405	0	0.000000	69	0.000210
DP	0	406	0	0.000000	53	0.000161
DP	0	407	0	0.000000	28	0.000085
DP	0	408	0	0.000000	51	0.000155
DP	0	409	0	0.000000	45	0.000137
DP	0	410	0	0.000000	36	0.000110
DP	0	411	0	0.000000	29	0.000088
DP	0	412	0	0.000000	35	0.000107
DP	0	413	0	0.000000	30	0.000091
DP	0	414	0	0.000000	47	0.000143
DP	0	415	0	0.000000	48	0.000146
DP	0	416	0	0.000000	34	0.000104
DP	0	417	0	0.000000	53	0.000161
DP	0	418	0	0.000000	33	0.000101
DP	0	419	0	0.000000	42	0.000128
DP	0	420	0	0.000000	41	0.000125
DP	0	421	0	0.000000	45	0.000137
DP	0	422	0	0.000000	40	0.000122
DP	0	423	0	0.000000	44	0.000134
DP	0	424	0	0.000000	36	0.000110
DP	0	425	0	0.000000	40	0.000122
DP	0	426	0	0.000000	33	0.000101
DP	0	427	0	0.000000	41	0.000125
DP	0	428	0	0.000000	33	0.000101
DP	0	429	0	0.000000	33	0.000101
DP	0	430	0	0.000000	23	0.000070
DP	0	431	0	0.000000	43	0.000131
DP	0	432	0	0.000000	29	0.000088
DP	0	433	0	0.000000	44	0.000134
DP	0	434	0	0.000000	39	0.000119
DP	0	435	0	0.000000	43	0.000131
DP	0	436	0	0.000000	36	0.000110
DP	0	437	0	0.000000	19	0.000058
DP	0	438	0	0.000000	40	0.000122
DP	0	439	0	0.000000	37	0.000113
DP	0	440	0	0.000000	35	0.000107
DP	0	441	0	0.000000	34	0.000104
DP	0	442	0	0.000000	33	0.000101
DP	0	443	0	0.000000	41	0.000125
DP	0	444	0	0.000000	36	0.000110
DP	0	445	0	0.000000	43	0.000131
DP	0	446	0	0.000000	39	0.000119
DP	0	447	0	0.000000	30	0.000091
DP	0	448	0	0.000000	44	0.000134
DP	0	449	0	0.000000	40	0.000122
DP	0	450	0	0.000000	42	0.000128
DP	0	451	0	0.000000	43	0.000131
DP	0	452	0	0.000000	47	0.000143
DP	0	453	0	0.000000	47	0.000143
DP	0	454	0	0.000000	44	0.000134
DP	0	455	0	0.000000	39	0.000119
DP	0	456	0	0.000000	52	0.000158
DP	0	457	0	0.000000	30	0.000091
DP	0	458	0	0.000000	38	0.000116
DP	0	459	0	0.000000	43	0.000131
DP	0	460	0	0.000000	37	0.000113
DP	0	461	0	0.000000	33	0.000101
DP	0	462	0	0.000000	28	0.000085
DP	0	463	0	0.000000	38	0.000116
DP	0	464	0	0.000000	48	0.000146
DP	0	465	0	0.000000	49	0.000149
DP	0	466	0	0.000000	38	0.000116
DP	0	467	0	0.000000	37	0.000113
DP	0	468	0	0.000000	40	0.000122
DP	0	469	0	0.000000	39	0.000119
DP	0	470	0	0.000000	44	0.000134
DP	0	471	0	0.000000	40	0.000122
DP	0	472	0	0.000000	41	0.000125
DP	0	473	0	0.000000	39	0.000119
DP	0	474	0	0.000000	28	0.000085
DP	0	475	0	0.000000	43	0.000131
DP	0	476	0	0.000000	33	0.000101
DP	0	477	0	0.000000	47	0.000143
DP	0	478	0	0.000000	41	0.000125
DP	0	479	0	0.000000	54	0.000165
DP	0	480	0	0.000000	39	0.000119
DP	0	481	0	0.000000	34	0.000104
DP	0	482	0	0.000000	26	0.000079
DP	0	483	0	0.000000	35	0.000107
DP	0	484	0	0.000000	37	0.000113
DP	0	485	0	0.000000	41	0.000125
DP	0	486	0	0.000000	31	0.000094
DP	0	487	0	0.000000	44	0.000134
DP	0	488	0	0.000000	41	0.000125
DP	0	489	0	0.000000	43	0.000131
DP	0	490	0	0.000000	56	0.000171
DP	0	491	0	0.000000	43	0.000131
DP	0	492	0	0.000000	42	0.000128
DP	0	493	0	0.000000	52	0.000158
DP	0	494	0	0.000000	41	0.000125
DP	0	495	0	0.000000	43	0.000131
DP	0	496	0	0.000000	43	0.000131
DP	0	497	0	0.000000	38	0.000116
DP	0	498	0	0.000000	43	0.000131
DP	0	499	0	0.000000	40	0.000122
DP	0	500	0	0.000000	35	0.000107
DP	0	>500	0	0.000000	32803504	99.932002
